9.738000
9.738000
13.938000
90.000000 
90.000000
120.000000
1.5418
  H  K  L  THETA  2THETA D VALUE  1/D**2 SIN2*1000  H  K  L INTENSITY         /F(HKL)/       A(HKL)      B(HKL) PHA.ANG. MULT   LPG

  1  0  1   6.13  12.27   7.2154  0.0192    11.42   1  0  1     394.0              4.0         4.01         0.00    0.00  6  88.11
  0  1  2   8.25  16.50   5.3721  0.0347    20.59   0  1  2     347.0              5.0        -5.04         0.00  180.00  6  49.07
  1  1  0   9.11  18.22   4.8690  0.0422    25.07   1  1  0      15.3              1.2         1.17         0.00    0.00  6  40.40
  0  0  3   9.55  19.10   4.6460  0.0463    27.53   0  0  3     566.9             12.9       -12.89         0.00  180.00  2  36.83
  0  2  1  11.01  22.02   4.0360  0.0614    36.48   0  2  1     417.3              7.3         7.33         0.00    0.00  6  27.92
  2  0  2  12.34  24.68   3.6077  0.0768    45.66   2  0  2     299.5              6.9        -6.93         0.00  180.00  6  22.42
  1  1  3  13.26  26.52   3.3613  0.0885    52.60   1  1  3     797.4             12.1       -12.12         0.00  180.00  6  19.53
  1  1 -3  13.26  26.52   3.3613  0.0885    52.60   1  1 -3      88.0              4.0         4.03         0.00    0.00  6  19.53
  1  0  4  13.85  27.70   3.2204  0.0964    57.30   1  0  4       0.4              0.3        -0.28         0.00  180.00  6  17.97
  1  2 -1  14.36  28.73   3.1073  0.1036    61.55   1  2 -1       0.0              0.0         0.04         0.00    0.00  6  16.77
  2  1  1  14.36  28.73   3.1073  0.1036    61.55   2  1  1     305.4              8.1         8.10         0.00    0.00  6  16.77
  2  1 -2  15.42  30.85   2.8987  0.1190    70.73   2  1 -2       0.6              0.4        -0.39         0.00  180.00  6  14.67
  1  2  2  15.42  30.85   2.8987  0.1190    70.73   1  2  2     712.8             13.2       -13.23         0.00  180.00  6  14.67
  3  0  0  15.92  31.83   2.8111  0.1265    75.20   3  0  0     518.6             11.6        11.62         0.00    0.00  6  13.83
  0  2  4  16.68  33.36   2.6861  0.1386    82.37   0  2  4       8.1              1.5        -1.51         0.00  180.00  6  12.67
  0  1  5  16.93  33.87   2.6468  0.1427    84.83   0  1  5      72.3              4.6        -4.59         0.00  180.00  6  12.32
  2  2  0  18.46  36.92   2.4345  0.1687   100.27   2  2  0     230.1              8.9        -8.88         0.00  180.00  6  10.51
  3  0  3  18.69  37.39   2.4051  0.1729   102.74   3  0  3      14.8              2.3        -2.28         0.00  180.00  6  10.28
  0  3  3  18.69  37.39   2.4051  0.1729   102.74   0  3  3    1000.0             18.7       -18.71         0.00  180.00  6  10.28
  2  1  4  19.13  38.27   2.3519  0.1808   107.44   2  1  4     212.0              8.8        -8.80         0.00  180.00  6   9.85
  1  2 -4  19.13  38.27   2.3519  0.1808   107.44   1  2 -4       8.9              1.8         1.80         0.00    0.00  6   9.85
  2  0  5  19.36  38.72   2.3254  0.1849   109.90   2  0  5      94.6              5.9         5.94         0.00    0.00  6   9.64
  0  0  6  19.38  38.76   2.3230  0.1853   110.13   0  0  6     446.4             22.4       -22.38         0.00  180.00  2   9.63
  1  3  1  19.52  39.05   2.3067  0.1879   111.69   1  3  1      46.4              4.2        -4.19         0.00  180.00  6   9.50
  3  1 -1  19.52  39.05   2.3067  0.1879   111.69   3  1 -1      26.7              3.2        -3.18         0.00  180.00  6   9.50
  3  1  2  20.34  40.69   2.2174  0.2034   120.86   3  1  2      22.6              3.0        -3.04         0.00  180.00  6   8.82
  1  3 -2  20.34  40.69   2.2174  0.2034   120.86   1  3 -2     628.9             16.0        16.02         0.00    0.00  6   8.82
  2  2 -3  20.95  41.89   2.1564  0.2151   127.80   2  2 -3      62.8              5.2         5.19         0.00    0.00  6   8.38
  2  2  3  20.95  41.89   2.1564  0.2151   127.80   2  2  3     611.8             16.2       -16.21         0.00  180.00  6   8.38
  1  2  5  21.55  43.11   2.0984  0.2271   134.97   1  2  5     740.5             18.3        18.29         0.00    0.00  6   7.97
  2  1 -5  21.55  43.11   2.0984  0.2271   134.97   2  1 -5       4.7              1.5         1.45         0.00    0.00  6   7.97
  1  1  6  21.57  43.15   2.0966  0.2275   135.20   1  1  6      13.9              2.5         2.50         0.00    0.00  6   7.95
  1  1 -6  21.57  43.15   2.0966  0.2275   135.20   1  1 -6     601.9             16.5        16.50         0.00    0.00  6   7.95
  4  0  1  21.70  43.41   2.0846  0.2301   136.75   4  0  1     269.2             11.1       -11.10         0.00  180.00  6   7.87
  0  4  2  22.46  44.92   2.0180  0.2456   145.93   0  4  2      21.0              3.2         3.19         0.00    0.00  6   7.41
  3  1 -4  23.39  46.78   1.9420  0.2651   157.57   3  1 -4      38.0              4.4        -4.45         0.00  180.00  6   6.91
  1  3  4  23.39  46.78   1.9420  0.2651   157.57   1  3  4      61.7              5.7        -5.67         0.00  180.00  6   6.91
  1  0  7  23.44  46.88   1.9379  0.2663   158.25   1  0  7      44.1              4.8         4.80         0.00    0.00  6   6.89
  3  2  1  23.72  47.44   1.9164  0.2723   161.82   3  2  1     346.3             13.6        13.59         0.00    0.00  6   6.75
  2  3 -1  23.72  47.44   1.9164  0.2723   161.82   2  3 -1       1.6              0.9         0.91         0.00    0.00  6   6.75
  3  2 -2  24.43  48.85   1.8642  0.2877   171.00   3  2 -2      74.9              6.5        -6.48         0.00  180.00  6   6.42
  2  3  2  24.43  48.85   1.8642  0.2877   171.00   2  3  2     193.1             10.4       -10.40         0.00  180.00  6   6.42
  1  4  0  24.76  49.53   1.8403  0.2953   175.47   1  4  0      76.4              6.6         6.62         0.00    0.00  6   6.28
  4  1  0  24.76  49.53   1.8403  0.2953   175.47   4  1  0     392.4             15.0        15.00         0.00    0.00  6   6.28
  4  0  4  25.30  50.60   1.8038  0.3073   182.64   4  0  4       0.1              0.3         0.27         0.00    0.00  6   6.06
  0  2  7  25.35  50.70   1.8005  0.3085   183.32   0  2  7      13.4              2.8        -2.83         0.00  180.00  6   6.04
  1  3 -5  25.48  50.97   1.7918  0.3115   185.10   1  3 -5      66.0              6.3         6.30         0.00    0.00  6   5.98
  3  1  5  25.48  50.97   1.7918  0.3115   185.10   3  1  5     183.8             10.5        10.51         0.00    0.00  6   5.98
  0  3  6  25.50  51.00   1.7907  0.3119   185.33   0  3  6      53.4              5.7         5.67         0.00    0.00  6   5.98
  3  0  6  25.50  51.00   1.7907  0.3119   185.33   3  0  6      25.8              3.9         3.94         0.00    0.00  6   5.98
  4  1 -3  26.78  53.56   1.7110  0.3416   203.01   4  1 -3       3.0              1.4         1.39         0.00    0.00  6   5.52
  4  1  3  26.78  53.56   1.7110  0.3416   203.01   4  1  3     261.4             13.1       -13.06         0.00  180.00  6   5.52
  1  4 -3  26.78  53.56   1.7110  0.3416   203.01   1  4 -3       0.0              0.1         0.05         0.00    0.00  6   5.52
  1  4  3  26.78  53.56   1.7110  0.3416   203.01   1  4  3     543.0             18.8       -18.82         0.00  180.00  6   5.52
  0  1  8  26.86  53.72   1.7062  0.3435   204.14   0  1  8      14.4              3.1        -3.07         0.00  180.00  6   5.49
  2  3 -4  27.11  54.23   1.6915  0.3495   207.71   2  3 -4       8.9              2.4        -2.44         0.00  180.00  6   5.41
  3  2  4  27.11  54.23   1.6915  0.3495   207.71   3  2  4       0.0              0.1         0.09         0.00    0.00  6   5.41
1

  H  K  L  THETA  2THETA D VALUE  1/D**2 SIN2*1000  H  K  L INTENSITY         /F(HKL)/       A(HKL)      B(HKL) PHA.ANG. MULT   LPG

  2  1  7  27.16  54.32   1.6887  0.3507   208.39   2  1  7      50.5              5.8         5.80         0.00    0.00  6   5.39
  1  2 -7  27.16  54.32   1.6887  0.3507   208.39   1  2 -7      93.1              7.9        -7.88         0.00  180.00  6   5.39
  0  4  5  27.29  54.57   1.6816  0.3537   210.17   0  4  5     116.9              8.9         8.86         0.00    0.00  6   5.35
  2  2 -6  27.30  54.61   1.6806  0.3540   210.40   2  2 -6     593.3             20.0        19.98         0.00    0.00  6   5.35
  2  2  6  27.30  54.61   1.6806  0.3540   210.40   2  2  6     420.3             16.8        16.82         0.00    0.00  6   5.35
  0  5  1  27.41  54.82   1.6745  0.3567   211.96   0  5  1     106.0              8.5         8.47         0.00    0.00  6   5.31
  5  0  2  28.05  56.10   1.6393  0.3721   221.13   5  0  2     142.5             10.0       -10.01         0.00  180.00  6   5.12
  3  3  0  28.36  56.72   1.6230  0.3796   225.61   3  3  0      59.8              6.5         6.54         0.00    0.00  6   5.04
  2  0  8  28.60  57.21   1.6102  0.3857   229.21   2  0  8      62.3              6.7        -6.72         0.00  180.00  6   4.97
  2  3  5  29.01  58.03   1.5894  0.3958   235.24   2  3  5     119.1              9.4         9.39         0.00    0.00  6   4.86
  3  2 -5  29.01  58.03   1.5894  0.3958   235.24   3  2 -5      43.0              5.6         5.64         0.00    0.00  6   4.86
  4  2 -1  29.13  58.27   1.5834  0.3988   237.03   4  2 -1     263.2             14.0        14.00         0.00    0.00  6   4.83
  2  4  1  29.13  58.27   1.5834  0.3988   237.03   2  4  1      23.2              4.2         4.16         0.00    0.00  6   4.83
  2  4 -2  29.75  59.50   1.5536  0.4143   246.20   2  4 -2     128.0              9.9        -9.92         0.00  180.00  6   4.68
  4  2  2  29.75  59.50   1.5536  0.4143   246.20   4  2  2      13.2              3.2        -3.19         0.00  180.00  6   4.68
  0  0  9  29.85  59.71   1.5487  0.4170   247.79   0  0  9       0.6              1.2         1.19         0.00    0.00  2   4.65
  3  3  3  30.21  60.41   1.5322  0.4260   253.14   3  3  3      37.0              5.4        -5.40         0.00  180.00  6   4.57
  3  3 -3  30.21  60.41   1.5322  0.4260   253.14   3  3 -3      44.2              5.9        -5.90         0.00  180.00  6   4.57
  1  2  8  30.28  60.56   1.5288  0.4279   254.27   1  2  8       2.7              1.5         1.47         0.00    0.00  6   4.55
  2  1 -8  30.28  60.56   1.5288  0.4279   254.27   2  1 -8      15.0              3.4        -3.44         0.00  180.00  6   4.55
  0  5  4  30.52  61.03   1.5182  0.4339   257.84   0  5  4      24.9              4.5         4.46         0.00    0.00  6   4.50
  1  3  7  30.56  61.12   1.5162  0.4350   258.52   1  3  7      39.8              5.6         5.64         0.00    0.00  6   4.49
  3  1 -7  30.56  61.12   1.5162  0.4350   258.52   3  1 -7      47.8              6.2         6.19         0.00    0.00  6   4.49
  5  1  1  30.79  61.59   1.5058  0.4410   262.09   5  1  1     361.0             17.1        17.10         0.00    0.00  6   4.44
  1  5 -1  30.79  61.59   1.5058  0.4410   262.09   1  5 -1     133.4             10.4        10.40         0.00    0.00  6   4.44
  5  1 -2  31.39  62.78   1.4801  0.4565   271.27   5  1 -2     290.8             15.6       -15.57         0.00  180.00  6   4.32
  1  5  2  31.39  62.78   1.4801  0.4565   271.27   1  5  2      30.0              5.0        -5.00         0.00  180.00  6   4.32
  1  1  9  31.49  62.98   1.4758  0.4591   272.86   1  1  9      23.5              4.4         4.43         0.00    0.00  6   4.30
  1  1 -9  31.49  62.98   1.4758  0.4591   272.86   1  1 -9     770.3             25.4       -25.40         0.00  180.00  6   4.30
  2  4  4  32.13  64.27   1.4493  0.4761   282.91   2  4  4      11.3              3.1        -3.12         0.00  180.00  6   4.17
  4  2 -4  32.13  64.27   1.4493  0.4761   282.91   4  2 -4      91.6              8.9        -8.89         0.00  180.00  6   4.17
  4  0  7  32.18  64.35   1.4476  0.4772   283.59   4  0  7      93.8              9.0         9.00         0.00    0.00  6   4.17
  5  0  5  32.29  64.58   1.4431  0.4802   285.38   5  0  5      22.0              4.4        -4.37         0.00  180.00  6   4.15
  4  1  6  32.30  64.61   1.4425  0.4806   285.60   4  1  6       0.0              0.1        -0.10         0.00  180.00  6   4.14
  4  1 -6  32.30  64.61   1.4425  0.4806   285.60   4  1 -6       6.9              2.4        -2.45         0.00  180.00  6   4.14
  1  4  6  32.30  64.61   1.4425  0.4806   285.60   1  4  6      65.0              7.5         7.51         0.00    0.00  6   4.14
  1  4 -6  32.30  64.61   1.4425  0.4806   285.60   1  4 -6     164.7             12.0        11.96         0.00    0.00  6   4.14
  6  0  0  33.26  66.52   1.4056  0.5062   300.81   6  0  0     470.0             20.6        20.63         0.00    0.00  6   3.98
  1  3 -8  33.49  66.97   1.3972  0.5122   304.41   1  3 -8     927.8             29.1       -29.12         0.00  180.00  6   3.94
  3  1  8  33.49  66.97   1.3972  0.5122   304.41   3  1  8       4.1              1.9        -1.93         0.00  180.00  6   3.94
  5  1  4  33.71  67.42   1.3891  0.5182   307.98   5  1  4       7.2              2.6        -2.59         0.00  180.00  6   3.90
  1  5 -4  33.71  67.42   1.3891  0.5182   307.98   1  5 -4       6.1              2.4        -2.37         0.00  180.00  6   3.90
  2  3 -7  33.75  67.50   1.3876  0.5194   308.66   2  3 -7      13.2              3.5         3.49         0.00    0.00  6   3.90
  3  2  7  33.75  67.50   1.3876  0.5194   308.66   3  2  7     241.7             14.9       -14.94         0.00  180.00  6   3.90
  4  2  5  33.86  67.72   1.3836  0.5224   310.44   4  2  5     106.3              9.9        -9.93         0.00  180.00  6   3.88
  2  4 -5  33.86  67.72   1.3836  0.5224   310.44   2  4 -5      60.4              7.5         7.49         0.00    0.00  6   3.88
  4  3  1  33.97  67.94   1.3796  0.5254   312.23   4  3  1     105.3              9.9        -9.91         0.00  180.00  6   3.86
  3  4 -1  33.97  67.94   1.3796  0.5254   312.23   3  4 -1      20.8              4.4        -4.40         0.00  180.00  6   3.86
  1  0 10  34.10  68.19   1.3751  0.5288   314.27   1  0 10       0.1              0.3        -0.32         0.00  180.00  6   3.84
  4  3 -2  34.54  69.07   1.3598  0.5408   321.41   4  3 -2       6.2              2.4         2.43         0.00    0.00  6   3.78
  3  4  2  34.54  69.07   1.3598  0.5408   321.41   3  4  2      94.8              9.5         9.51         0.00    0.00  6   3.78
  0  3  9  34.63  69.27   1.3564  0.5435   322.99   0  3  9      27.1              5.1         5.09         0.00    0.00  6   3.76
  3  0  9  34.63  69.27   1.3564  0.5435   322.99   3  0  9      24.8              4.9        -4.87         0.00  180.00  6   3.76
  2  5  0  34.81  69.62   1.3504  0.5484   325.88   2  5  0      75.4              8.5        -8.52         0.00  180.00  6   3.74
  5  2  0  34.81  69.62   1.3504  0.5484   325.88   5  2  0     348.2             18.3        18.31         0.00    0.00  6   3.74
  0  6  3  34.96  69.92   1.3453  0.5525   328.35   0  6  3      37.7              6.0        -6.04         0.00  180.00  6   3.72
  6  0  3  34.96  69.92   1.3453  0.5525   328.35   6  0  3       1.2              1.1         1.08         0.00    0.00  6   3.72
1

  H  K  L  THETA  2THETA D VALUE  1/D**2 SIN2*1000  H  K  L INTENSITY         /F(HKL)/       A(HKL)      B(HKL) PHA.ANG. MULT   LPG

  0  4  8  35.03  70.06   1.3430  0.5544   329.48   0  4  8      83.4              9.0        -9.00         0.00  180.00  6   3.71
  5  1 -5  35.40  70.79   1.3309  0.5646   335.51   5  1 -5     296.6             17.1       -17.09         0.00  180.00  6   3.66
  1  5  5  35.40  70.79   1.3309  0.5646   335.51   1  5  5       3.7              1.9         1.91         0.00    0.00  6   3.66
  3  3 -6  35.41  70.82   1.3304  0.5649   335.74   3  3 -6       0.0              0.2        -0.17         0.00  180.00  6   3.65
  3  3  6  35.41  70.82   1.3304  0.5649   335.74   3  3  6      64.9              8.0         7.99         0.00    0.00  6   3.65
  0  2 10  35.63  71.26   1.3234  0.5710   339.33   0  2 10       3.4              1.8         1.84         0.00    0.00  6   3.63
  2  2  9  36.15  72.31   1.3067  0.5857   348.06   2  2  9       2.1              1.5        -1.46         0.00  180.00  6   3.56
  2  2 -9  36.15  72.31   1.3067  0.5857   348.06   2  2 -9     151.6             12.4       -12.38         0.00  180.00  6   3.56
  2  5  3  36.48  72.95   1.2968  0.5947   353.41   2  5  3     377.8             19.7        19.66         0.00    0.00  6   3.52
  2  5 -3  36.48  72.95   1.2968  0.5947   353.41   2  5 -3     663.5             26.0       -26.05         0.00  180.00  6   3.52
  5  2 -3  36.48  72.95   1.2968  0.5947   353.41   5  2 -3     113.6             10.8       -10.78         0.00  180.00  6   3.52
  5  2  3  36.48  72.95   1.2968  0.5947   353.41   5  2  3       1.7              1.3        -1.31         0.00  180.00  6   3.52
  3  2 -8  36.54  73.09   1.2947  0.5966   354.55   3  2 -8     244.8             15.8       -15.84         0.00  180.00  6   3.51
  2  3  8  36.54  73.09   1.2947  0.5966   354.55   2  3  8     100.0             10.1        10.13         0.00    0.00  6   3.51
  3  4 -4  36.76  73.51   1.2882  0.6026   358.12   3  4 -4      20.1              4.6        -4.55         0.00  180.00  6   3.49
  4  3  4  36.76  73.51   1.2882  0.6026   358.12   4  3  4       3.2              1.8        -1.82         0.00  180.00  6   3.49
  0  5  7  36.80  73.60   1.2870  0.6037   358.79   0  5  7       8.1              2.9        -2.89         0.00  180.00  6   3.48
  1  6  1  37.01  74.02   1.2806  0.6097   362.36   1  6  1       0.8              0.9         0.94         0.00    0.00  6   3.46
  6  1 -1  37.01  74.02   1.2806  0.6097   362.36   6  1 -1      38.5              6.3         6.33         0.00    0.00  6   3.46
  2  1 10  37.13  74.26   1.2770  0.6132   364.40   2  1 10      21.0              4.7        -4.69         0.00  180.00  6   3.44
  1  2 -10  37.13  74.26   1.2770  0.6132   364.40   1  2 -10      36.0              6.1         6.14         0.00    0.00  6   3.44
  6  1  2  37.56  75.11   1.2647  0.6252   371.54   6  1  2     196.0             14.4       -14.42         0.00  180.00  6   3.40
  1  6 -2  37.56  75.11   1.2647  0.6252   371.54   1  6 -2      18.2              4.4        -4.39         0.00  180.00  6   3.40
  0  1 11  37.97  75.94   1.2530  0.6369   378.51   0  1 11     379.4             20.2        20.19         0.00    0.00  6   3.35
  4  2 -7  38.28  76.57   1.2443  0.6459   383.86   4  2 -7       1.1              1.1        -1.12         0.00  180.00  6   3.32
  2  4  7  38.28  76.57   1.2443  0.6459   383.86   2  4  7      10.3              3.3         3.34         0.00    0.00  6   3.32
  3  4  5  38.39  76.78   1.2414  0.6489   385.65   3  4  5     183.7             14.1        14.14         0.00    0.00  6   3.31
  4  3 -5  38.39  76.78   1.2414  0.6489   385.65   4  3 -5      78.5              9.2         9.24         0.00    0.00  6   3.31
  4  4  0  39.29  78.59   1.2172  0.6749   401.09   4  4  0      38.9              6.6         6.59         0.00    0.00  6   3.22
  2  0 11  39.44  78.88   1.2135  0.6791   403.58   2  0 11       6.0              2.6         2.59         0.00    0.00  6   3.21
  5  0  8  39.51  79.01   1.2118  0.6810   404.68   5  0  8       6.6              2.7        -2.73         0.00  180.00  6   3.20
  1  6  4  39.71  79.43   1.2065  0.6870   408.25   1  6  4       8.1              3.0        -3.03         0.00  180.00  6   3.18
  6  1 -4  39.71  79.43   1.2065  0.6870   408.25   6  1 -4      13.2              3.9         3.86         0.00    0.00  6   3.18
  5  1  7  39.75  79.51   1.2055  0.6881   408.93   5  1  7      31.8              6.0         5.99         0.00    0.00  6   3.18
  1  5 -7  39.75  79.51   1.2055  0.6881   408.93   1  5 -7      45.4              7.2        -7.17         0.00  180.00  6   3.18
  6  0  6  39.87  79.74   1.2026  0.6915   410.94   6  0  6     188.9             14.6       -14.64         0.00  180.00  6   3.17
  0  6  6  39.87  79.74   1.2026  0.6915   410.94   0  6  6      14.0              4.0        -3.99         0.00  180.00  6   3.17
  7  0  1  39.96  79.92   1.2003  0.6941   412.50   7  0  1      44.3              7.1        -7.10         0.00  180.00  6   3.16
  3  5  1  39.96  79.92   1.2003  0.6941   412.50   3  5  1       0.0              0.0         0.05         0.00    0.00  6   3.16
  5  3 -1  39.96  79.92   1.2003  0.6941   412.50   5  3 -1       6.3              2.7        -2.68         0.00  180.00  6   3.16
  3  1 -10  40.08  80.16   1.1973  0.6975   414.54   3  1 -10       0.1              0.3         0.34         0.00    0.00  6   3.15
  1  3 10  40.08  80.16   1.1973  0.6975   414.54   1  3 10      79.7              9.5        -9.54         0.00  180.00  6   3.15
  3  5 -2  40.49  80.99   1.1872  0.7096   421.68   3  5 -2     104.0             11.0       -10.96         0.00  180.00  6   3.12
  5  3  2  40.49  80.99   1.1872  0.7096   421.68   5  3  2       9.9              3.4        -3.37         0.00  180.00  6   3.12
  0  7  2  40.49  80.99   1.1872  0.7096   421.68   0  7  2       3.3              1.9        -1.94         0.00  180.00  6   3.12
  4  1  9  40.59  81.17   1.1849  0.7122   423.26   4  1  9       3.6              2.0        -2.03         0.00  180.00  6   3.11
  1  4 -9  40.59  81.17   1.1849  0.7122   423.26   1  4 -9     110.6             11.3       -11.31         0.00  180.00  6   3.11
  1  4  9  40.59  81.17   1.1849  0.7122   423.26   1  4  9      45.0              7.2         7.21         0.00    0.00  6   3.11
  4  1 -9  40.59  81.17   1.1849  0.7122   423.26   4  1 -9     116.8             11.6       -11.62         0.00  180.00  6   3.11
  4  4 -3  40.90  81.79   1.1775  0.7212   428.62   4  4 -3     277.8             18.0       -18.00         0.00  180.00  6   3.09
  4  4  3  40.90  81.79   1.1775  0.7212   428.62   4  4  3      22.7              5.1        -5.15         0.00  180.00  6   3.09
  1  2 11  40.90  81.80   1.1775  0.7213   428.64   1  2 11      30.2              5.9        -5.94         0.00  180.00  6   3.09
  2  1 -11  40.90  81.80   1.1775  0.7213   428.64   2  1 -11      14.8              4.2        -4.16         0.00  180.00  6   3.09
  2  4 -8  40.96  81.92   1.1760  0.7231   429.75   2  4 -8      52.7              7.8         7.85         0.00    0.00  6   3.08
  4  2  8  40.96  81.92   1.1760  0.7231   429.75   4  2  8       1.9              1.5        -1.47         0.00  180.00  6   3.08
  1  6 -5  41.31  82.62   1.1678  0.7333   435.78   1  6 -5       8.6              3.2         3.19         0.00    0.00  6   3.05
  6  1  5  41.31  82.62   1.1678  0.7333   435.78   6  1  5       5.1              2.4         2.44         0.00    0.00  6   3.05
1

  H  K  L  THETA  2THETA D VALUE  1/D**2 SIN2*1000  H  K  L INTENSITY         /F(HKL)/       A(HKL)      B(HKL) PHA.ANG. MULT   LPG

  5  2 -6  41.32  82.65   1.1675  0.7337   436.01   5  2 -6       0.3              0.6        -0.58         0.00  180.00  6   3.05
  2  5  6  41.32  82.65   1.1675  0.7337   436.01   2  5  6      64.2              8.7         8.70         0.00    0.00  6   3.05
  5  2  6  41.32  82.65   1.1675  0.7337   436.01   5  2  6      37.2              6.6        -6.62         0.00  180.00  6   3.05
  2  5 -6  41.32  82.65   1.1675  0.7337   436.01   2  5 -6     435.4             22.7        22.65         0.00    0.00  6   3.05
  2  6 -1  41.41  82.83   1.1654  0.7363   437.57   2  6 -1       4.9              2.4         2.40         0.00    0.00  6   3.05
  6  2  1  41.41  82.83   1.1654  0.7363   437.57   6  2  1     104.1             11.1        11.09         0.00    0.00  6   3.05
  4  0 10  41.53  83.06   1.1627  0.7397   439.61   4  0 10      33.3              6.3        -6.28         0.00  180.00  6   3.04
  0  0 12  41.58  83.17   1.1615  0.7412   440.51   0  0 12      54.6             13.9        13.94         0.00    0.00  2   3.03
  2  6  2  41.94  83.89   1.1534  0.7517   446.75   2  6  2      10.1              3.5        -3.47         0.00  180.00  6   3.01
  6  2 -2  41.94  83.89   1.1534  0.7517   446.75   6  2 -2       9.3              3.3        -3.34         0.00  180.00  6   3.01
  1  5  8  42.41  84.82   1.1431  0.7653   454.82   1  5  8     112.9             11.7       -11.68         0.00  180.00  6   2.98
  5  1 -8  42.41  84.82   1.1431  0.7653   454.82   5  1 -8     210.2             15.9        15.94         0.00    0.00  6   2.98
  3  5  4  42.61  85.23   1.1386  0.7713   458.39   3  5  4       3.7              2.1        -2.12         0.00  180.00  6   2.96
  7  0  4  42.61  85.23   1.1386  0.7713   458.39   7  0  4       0.3              0.6        -0.56         0.00  180.00  6   2.96
  5  3 -4  42.61  85.23   1.1386  0.7713   458.39   5  3 -4      43.5              7.3         7.27         0.00    0.00  6   2.96
  3  4 -7  42.65  85.30   1.1378  0.7725   459.07   3  4 -7      14.3              4.2         4.17         0.00    0.00  6   2.96
  4  3  7  42.65  85.30   1.1378  0.7725   459.07   4  3  7      54.2              8.1         8.11         0.00    0.00  6   2.96
  2  3 -10  42.97  85.95   1.1309  0.7819   464.67   2  3 -10       4.7              2.4        -2.39         0.00  180.00  6   2.94
  3  2 10  42.97  85.95   1.1309  0.7819   464.67   3  2 10      48.1              7.7         7.68         0.00    0.00  6   2.94
  1  1 12  43.03  86.05   1.1298  0.7834   465.58   1  1 12      51.6              8.0         7.95         0.00    0.00  6   2.94
  1  1 -12  43.03  86.05   1.1298  0.7834   465.58   1  1 -12      13.8              4.1         4.11         0.00    0.00  6   2.94
  3  3  9  43.48  86.95   1.1204  0.7966   473.40   3  3  9      92.4             10.7       -10.69         0.00  180.00  6   2.91
  3  3 -9  43.48  86.95   1.1204  0.7966   473.40   3  3 -9       0.1              0.3        -0.29         0.00  180.00  6   2.91
  7  1  0  43.64  87.28   1.1170  0.8014   476.29   7  1  0      19.3              4.9         4.90         0.00    0.00  6   2.90
  1  7  0  43.64  87.28   1.1170  0.8014   476.29   1  7  0      64.1              8.9         8.92         0.00    0.00  6   2.90
  1  3 -11  43.78  87.57   1.1141  0.8056   478.78   1  3 -11      40.8              7.1         7.12         0.00    0.00  6   2.89
  3  1 11  43.78  87.57   1.1141  0.8056   478.78   3  1 11       1.1              1.2        -1.19         0.00  180.00  6   2.89
  6  2  4  44.05  88.10   1.1087  0.8135   483.45   6  2  4       3.5              2.1        -2.08         0.00  180.00  6   2.88
  2  6 -4  44.05  88.10   1.1087  0.8135   483.45   2  6 -4       2.7              1.8         1.84         0.00    0.00  6   2.88
  5  3  5  44.19  88.39   1.1059  0.8177   485.92   5  3  5       5.3              2.6         2.59         0.00    0.00  6   2.87
  0  7  5  44.19  88.39   1.1059  0.8177   485.92   0  7  5      30.2              6.1         6.15         0.00    0.00  6   2.87
  3  5 -5  44.19  88.39   1.1059  0.8177   485.92   3  5 -5     188.7             15.4        15.38         0.00    0.00  6   2.87
  7  1 -3  45.22  90.44   1.0861  0.8478   503.82   7  1 -3       2.7              1.9        -1.86         0.00  180.00  6   2.82
  1  7 -3  45.22  90.44   1.0861  0.8478   503.82   1  7 -3      13.9              4.2        -4.22         0.00  180.00  6   2.82
  7  1  3  45.22  90.44   1.0861  0.8478   503.82   7  1  3      29.7              6.2        -6.16         0.00  180.00  6   2.82
  1  7  3  45.22  90.44   1.0861  0.8478   503.82   1  7  3     301.4             19.6       -19.62         0.00  180.00  6   2.82
  0  4 11  45.22  90.44   1.0860  0.8478   503.85   0  4 11      81.3             10.2        10.19         0.00    0.00  6   2.82
  3  4  8  45.28  90.57   1.0849  0.8497   504.95   3  4  8     562.0             26.8       -26.81         0.00  180.00  6   2.81
  4  3 -8  45.28  90.57   1.0849  0.8497   504.95   4  3 -8      46.0              7.7        -7.67         0.00  180.00  6   2.81
  1  6  7  45.53  91.05   1.0803  0.8568   509.20   1  6  7      24.7              5.6         5.63         0.00    0.00  6   2.80
  6  1 -7  45.53  91.05   1.0803  0.8568   509.20   6  1 -7       0.2              0.5        -0.47         0.00  180.00  6   2.80
  2  6  5  45.63  91.26   1.0784  0.8598   510.99   2  6  5      37.3              6.9         6.93         0.00    0.00  6   2.80
  6  2 -5  45.63  91.26   1.0784  0.8598   510.99   6  2 -5       1.8              1.5        -1.50         0.00  180.00  6   2.80
  4  4 -6  45.64  91.29   1.0782  0.8602   511.21   4  4 -6      38.6              7.1         7.05         0.00    0.00  6   2.80
  4  4  6  45.64  91.29   1.0782  0.8602   511.21   4  4  6     150.0             13.9        13.89         0.00    0.00  6   2.80
  5  4  1  45.73  91.46   1.0766  0.8628   512.77   5  4  1       6.0              2.8        -2.79         0.00  180.00  6   2.79
  4  5 -1  45.73  91.46   1.0766  0.8628   512.77   4  5 -1     162.9             14.5        14.49         0.00    0.00  6   2.79
  0  5 10  45.85  91.70   1.0744  0.8663   514.81   0  5 10       0.0              0.1        -0.08         0.00  180.00  6   2.79
  0  3 12  45.90  91.80   1.0735  0.8678   515.72   0  3 12       6.9              3.0         2.99         0.00    0.00  6   2.79
  3  0 12  45.90  91.80   1.0735  0.8678   515.72   3  0 12       9.5              3.5         3.51         0.00    0.00  6   2.79
  4  5  2  46.26  92.52   1.0670  0.8783   521.95   4  5  2      16.8              4.7         4.67         0.00    0.00  6   2.77
  5  4 -2  46.26  92.52   1.0670  0.8783   521.95   5  4 -2       0.4              0.7         0.72         0.00    0.00  6   2.77
  1  0 13  46.45  92.91   1.0636  0.8840   525.35   1  0 13      12.2              4.0        -3.98         0.00  180.00  6   2.76
  3  6  0  46.51  93.03   1.0625  0.8858   526.42   3  6  0       0.4              0.7         0.70         0.00    0.00  6   2.76
  6  3  0  46.51  93.03   1.0625  0.8858   526.42   6  3  0       5.5              2.7        -2.69         0.00  180.00  6   2.76
  2  3 11  46.66  93.32   1.0600  0.8900   528.92   2  3 11      33.2              6.6        -6.58         0.00  180.00  6   2.75
  3  2 -11  46.66  93.32   1.0600  0.8900   528.92   3  2 -11      28.1              6.1         6.06         0.00    0.00  6   2.75
1

  H  K  L  THETA  2THETA D VALUE  1/D**2 SIN2*1000  H  K  L INTENSITY         /F(HKL)/       A(HKL)      B(HKL) PHA.ANG. MULT   LPG

  0  8  1  47.17  94.34   1.0512  0.9050   537.84   0  8  1      21.3              5.3        -5.29         0.00  180.00  6   2.73
  4  2 -10  47.29  94.57   1.0492  0.9084   539.88   4  2 -10      56.2              8.6         8.61         0.00    0.00  6   2.73
  2  4 10  47.29  94.57   1.0492  0.9084   539.88   2  4 10       5.3              2.6        -2.63         0.00  180.00  6   2.73
  2  2 12  47.34  94.68   1.0483  0.9100   540.78   2  2 12       8.6              3.4         3.37         0.00    0.00  6   2.73
  2  2 -12  47.34  94.68   1.0483  0.9100   540.78   2  2 -12      11.6              3.9        -3.91         0.00  180.00  6   2.73
  8  0  2  47.70  95.40   1.0423  0.9205   547.02   8  0  2      85.8             10.7        10.66         0.00    0.00  6   2.72
  0  6  9  47.79  95.58   1.0408  0.9231   548.60   0  6  9     166.3             14.9       -14.85         0.00  180.00  6   2.71
  6  0  9  47.79  95.58   1.0408  0.9231   548.60   6  0  9      54.9              8.5        -8.53         0.00  180.00  6   2.71
  0  2 13  47.89  95.79   1.0391  0.9262   550.41   0  2 13       5.1              2.6        -2.61         0.00  180.00  6   2.71
  6  3 -3  48.10  96.19   1.0358  0.9321   553.96   6  3 -3      45.6              7.8         7.79         0.00    0.00  6   2.70
  3  6 -3  48.10  96.19   1.0358  0.9321   553.96   3  6 -3      24.3              5.7        -5.68         0.00  180.00  6   2.70
  6  3  3  48.10  96.19   1.0358  0.9321   553.96   6  3  3     230.2             17.5       -17.51         0.00  180.00  6   2.70
  3  6  3  48.10  96.19   1.0358  0.9321   553.96   3  6  3       0.5              0.8        -0.82         0.00  180.00  6   2.70
  6  1  8  48.16  96.33   1.0347  0.9340   555.09   6  1  8       2.9              2.0        -1.96         0.00  180.00  6   2.70
  1  6 -8  48.16  96.33   1.0347  0.9340   555.09   1  6 -8       0.3              0.6         0.62         0.00    0.00  6   2.70
  5  4  4  48.37  96.74   1.0314  0.9400   558.66   5  4  4       5.6              2.7        -2.74         0.00  180.00  6   2.69
  4  5 -4  48.37  96.74   1.0314  0.9400   558.66   4  5 -4      84.8             10.6       -10.64         0.00  180.00  6   2.69
  5  3 -7  48.41  96.82   1.0308  0.9412   559.34   5  3 -7       2.2              1.7         1.71         0.00    0.00  6   2.69
  3  5  7  48.41  96.82   1.0308  0.9412   559.34   3  5  7      18.6              5.0        -4.98         0.00  180.00  6   2.69
  7  0  7  48.41  96.82   1.0308  0.9412   559.34   7  0  7     105.9             11.9        11.90         0.00    0.00  6   2.69
  2  7  1  48.61  97.23   1.0275  0.9472   562.91   2  7  1       4.7              2.5         2.51         0.00    0.00  6   2.69
  7  2 -1  48.61  97.23   1.0275  0.9472   562.91   7  2 -1      30.5              6.4         6.40         0.00    0.00  6   2.69
  1  5 -10  48.73  97.46   1.0256  0.9506   564.95   1  5 -10      42.4              7.5         7.54         0.00    0.00  6   2.68
  5  1 10  48.73  97.46   1.0256  0.9506   564.95   5  1 10       1.1              1.2         1.23         0.00    0.00  6   2.68
  2  7 -2  49.14  98.29   1.0192  0.9626   572.08   2  7 -2       0.1              0.3        -0.29         0.00  180.00  6   2.67
  7  2  2  49.14  98.29   1.0192  0.9626   572.08   7  2  2      12.0              4.0        -4.02         0.00  180.00  6   2.67
  2  5  9  49.24  98.47   1.0178  0.9653   573.67   2  5  9     250.1             18.4       -18.36         0.00  180.00  6   2.67
  2  5 -9  49.24  98.47   1.0178  0.9653   573.67   2  5 -9       0.1              0.3        -0.27         0.00  180.00  6   2.67
  5  2 -9  49.24  98.47   1.0178  0.9653   573.67   5  2 -9      26.7              6.0        -6.00         0.00  180.00  6   2.67
  5  2  9  49.24  98.47   1.0178  0.9653   573.67   5  2  9      31.5              6.5        -6.51         0.00  180.00  6   2.67
  2  1 13  49.34  98.68   1.0162  0.9684   575.48   2  1 13      54.0              8.5        -8.54         0.00  180.00  6   2.67
  1  2 -13  49.34  98.68   1.0162  0.9684   575.48   1  2 -13     100.9             11.7        11.67         0.00    0.00  6   2.67
  5  0 11  49.55  99.10   1.0131  0.9744   579.05   5  0 11     279.6             19.4        19.44         0.00    0.00  6   2.66
  0  8  4  49.82  99.64   1.0090  0.9822   583.73   0  8  4       0.8              1.0        -1.04         0.00  180.00  6   2.66
  2  6 -7  49.86  99.72   1.0084  0.9834   584.41   2  6 -7       0.9              1.1         1.08         0.00    0.00  6   2.65
  6  2  7  49.86  99.72   1.0084  0.9834   584.41   6  2  7      38.6              7.2        -7.23         0.00  180.00  6   2.65
  4  5  5  49.96  99.93   1.0069  0.9864   586.19   4  5  5      36.1              7.0        -7.00         0.00  180.00  6   2.65
  5  4 -5  49.96  99.93   1.0069  0.9864   586.19   5  4 -5      39.6              7.3         7.33         0.00    0.00  6   2.65
  7  1 -6  49.98  99.95   1.0067  0.9868   586.42   7  1 -6       1.5              1.4         1.41         0.00    0.00  6   2.65
  1  7 -6  49.98  99.95   1.0067  0.9868   586.42   1  7 -6      76.0             10.2        10.16         0.00    0.00  6   2.65
  1  7  6  49.98  99.95   1.0067  0.9868   586.42   1  7  6      59.4              9.0         8.98         0.00    0.00  6   2.65
  7  1  6  49.98  99.95   1.0067  0.9868   586.42   7  1  6      59.8              9.0         9.01         0.00    0.00  6   2.65