7.598100
11.322000
11.325400
90.000000
109.800100
90.000000
1.5418
  H  K  L  THETA  2THETA D VALUE  1/D**2 SIN2*1000  H  K  L INTENSITY         /F(HKL)/       A(HKL)      B(HKL) PHA.ANG. MULT   LPG

  1  1 -1   7.32  14.63   6.0543  0.0273    16.21   1  1 -1     188.1              4.1         4.07         0.00    0.00  4  62.19
  1  1  0   7.33  14.65   6.0448  0.0274    16.26   1  1  0     104.4              3.0         3.04         0.00    0.00  4  61.99
  0  2  0   7.83  15.65   5.6610  0.0312    18.54   0  2  0       3.4              0.8        -0.83         0.00  180.00  2  54.43
  0  0  2   8.32  16.64   5.3279  0.0352    20.94   0  0  2     251.9              7.6         7.57         0.00    0.00  2  48.27
  0  2  1   8.87  17.74   4.9993  0.0400    23.78   0  2  1     337.3              6.6         6.59         0.00    0.00  4  42.56
  1  1 -2   9.39  18.78   4.7241  0.0448    26.63   1  1 -2     102.7              3.8         3.85         0.00    0.00  4  38.06
  1  1  1   9.42  18.84   4.7105  0.0451    26.78   1  1  1     121.4              4.2         4.19         0.00    0.00  4  37.85
  0  2  2  11.46  22.92   3.8798  0.0664    39.48   0  2  2      10.8              1.5        -1.51         0.00  180.00  4  25.84
  2  0 -2  12.43  24.85   3.5824  0.0779    46.31   2  0 -2     175.3              9.3         9.33         0.00    0.00  2  22.11
  2  0  0  12.45  24.91   3.5745  0.0783    46.51   2  0  0      70.5              5.9        -5.93         0.00  180.00  2  22.02
  1  1 -3  12.59  25.18   3.5366  0.0799    47.51   1  1 -3     219.6              7.5        -7.48         0.00  180.00  4  21.57
  1  1  2  12.62  25.25   3.5271  0.0804    47.77   1  1  2     200.1              7.2        -7.15         0.00  180.00  4  21.45
  1  3 -1  13.35  26.70   3.3391  0.0897    53.30   1  3 -1     126.2              6.0         5.99         0.00    0.00  4  19.28
  1  3  0  13.35  26.71   3.3375  0.0898    53.35   1  3  0      39.8              3.4        -3.37         0.00  180.00  4  19.26
  2  2 -1  14.15  28.29   3.1545  0.1005    59.72   2  2 -1     992.9             17.8        17.76         0.00    0.00  4  17.27
  1  3 -2  14.62  29.24   3.0540  0.1072    63.72   1  3 -2       1.6              0.7         0.74         0.00    0.00  4  16.22
  1  3  1  14.64  29.28   3.0503  0.1075    63.87   1  3  1       1.0              0.6         0.59         0.00    0.00  4  16.18
  2  2 -2  14.75  29.51   3.0272  0.1091    64.85   2  2 -2       1.5              0.7        -0.71         0.00  180.00  4  15.95
  2  2  0  14.78  29.55   3.0224  0.1095    65.06   2  2  0      76.7              5.1         5.15         0.00    0.00  4  15.90
  0  2  3  14.85  29.69   3.0087  0.1105    65.65   0  2  3    1000.0             18.7        18.66         0.00    0.00  4  15.76
  0  4  0  15.80  31.61   2.8305  0.1248    74.18   0  4  0     377.9             17.2       -17.20         0.00  180.00  2  14.01
  1  1 -4  16.31  32.62   2.7451  0.1327    78.86   1  1 -4      53.5              4.7         4.72         0.00    0.00  4  13.21
  1  1  3  16.35  32.70   2.7388  0.1333    79.22   1  1  3      72.6              5.5         5.50         0.00    0.00  4  13.15
  0  4  1  16.37  32.74   2.7356  0.1336    79.41   0  4  1       3.6              1.2        -1.23         0.00  180.00  4  13.12
  2  2 -3  16.48  32.95   2.7179  0.1354    80.45   2  2 -3      56.0              4.9         4.87         0.00    0.00  4  12.96
  2  2  1  16.52  33.04   2.7110  0.1361    80.86   2  2  1       4.8              1.4         1.43         0.00    0.00  4  12.90
  0  0  4  16.82  33.64   2.6640  0.1409    83.74   0  0  4      61.5              7.4        -7.35         0.00  180.00  2  12.48
  1  3 -3  16.91  33.82   2.6504  0.1424    84.60   1  3 -3       2.1              1.0        -0.97         0.00  180.00  4  12.35
  1  3  2  16.94  33.87   2.6464  0.1428    84.86   1  3  2      96.5              6.6         6.56         0.00    0.00  4  12.32
  2  0 -4  17.25  34.51   2.5991  0.1480    87.97   2  0 -4       1.4              1.2        -1.15         0.00  180.00  2  11.90
  2  0  2  17.32  34.63   2.5900  0.1491    88.59   2  0  2       3.2              1.7         1.73         0.00    0.00  2  11.82
  0  4  2  17.96  35.93   2.4997  0.1600    95.11   0  4  2      25.8              3.6        -3.58         0.00  180.00  4  11.05
  3  1 -2  18.29  36.59   2.4561  0.1658    98.51   3  1 -2       3.5              1.3        -1.33         0.00  180.00  4  10.69
  3  1 -1  18.31  36.61   2.4542  0.1660    98.67   3  1 -1       3.5              1.3         1.33         0.00    0.00  4  10.68
  0  2  4  18.65  37.30   2.4104  0.1721   102.29   0  2  4      81.5              6.6        -6.58         0.00  180.00  4  10.32
  2  2 -4  19.05  38.10   2.3620  0.1792   106.52   2  2 -4      40.6              4.7        -4.73         0.00  180.00  4   9.93
  2  2  2  19.11  38.21   2.3552  0.1803   107.13   2  2  2       5.0              1.7        -1.66         0.00  180.00  4   9.88
  3  1 -3  19.26  38.52   2.3368  0.1831   108.83   3  1 -3     501.1             16.8        16.81         0.00    0.00  4   9.73
  3  1  0  19.30  38.61   2.3319  0.1839   109.29   3  1  0       3.5              1.4         1.41         0.00    0.00  4   9.69
  2  4 -1  19.85  39.71   2.2698  0.1941   115.35   2  4 -1     606.8             19.0        19.01         0.00    0.00  4   9.22
  1  3 -4  19.91  39.82   2.2639  0.1951   115.95   1  3 -4       4.4              1.6         1.62         0.00    0.00  4   9.17
  1  3  3  19.94  39.88   2.2604  0.1957   116.31   1  3  3      26.5              4.0         3.99         0.00    0.00  4   9.15
  2  4 -2  20.31  40.62   2.2209  0.2027   120.48   2  4 -2     174.3             10.4       -10.39         0.00  180.00  4   8.85
  1  1 -5  20.33  40.66   2.2191  0.2031   120.68   1  1 -5       0.1              0.3         0.28         0.00    0.00  4   8.84
  2  4  0  20.33  40.66   2.2190  0.2031   120.69   2  4  0     204.3             11.3        11.26         0.00    0.00  4   8.84
  1  1  4  20.37  40.74   2.2148  0.2039   121.15   1  1  4     355.0             14.9       -14.87         0.00  180.00  4   8.81
  0  4  3  20.38  40.76   2.2136  0.2041   121.28   0  4  3     833.9             22.8       -22.81         0.00  180.00  4   8.80
  1  5 -1  20.92  41.84   2.1591  0.2145   127.48   1  5 -1      96.0              7.9        -7.92         0.00  180.00  4   8.40
  1  5  0  20.92  41.85   2.1587  0.2146   127.53   1  5  0       8.3              2.3        -2.33         0.00  180.00  4   8.39
  3  1 -4  21.10  42.20   2.1413  0.2181   129.61   3  1 -4      16.7              3.3         3.33         0.00    0.00  4   8.27
  3  1  1  21.17  42.33   2.1350  0.2194   130.38   3  1  1      60.0              6.3        -6.33         0.00  180.00  4   8.22
  3  3 -2  21.61  43.21   2.0935  0.2282   135.60   3  3 -2      92.0              8.0         7.98         0.00    0.00  4   7.93
  3  3 -1  21.62  43.24   2.0923  0.2284   135.76   3  3 -1       9.0              2.5         2.50         0.00    0.00  4   7.92
  2  4 -3  21.65  43.29   2.0898  0.2290   136.08   2  4 -3       0.0              0.2        -0.18         0.00  180.00  4   7.91
  2  4  1  21.68  43.36   2.0866  0.2297   136.49   2  4  1      10.4              2.7        -2.69         0.00  180.00  4   7.88
  1  5 -2  21.80  43.60   2.0760  0.2320   137.89   1  5 -2     100.5              8.4        -8.40         0.00  180.00  4   7.81
  1  5  1  21.81  43.62   2.0748  0.2323   138.05   1  5  1     175.5             11.1       -11.11         0.00  180.00  4   7.80
1

  H  K  L  THETA  2THETA D VALUE  1/D**2 SIN2*1000  H  K  L INTENSITY         /F(HKL)/       A(HKL)      B(HKL) PHA.ANG. MULT   LPG

  2  2 -5  22.22  44.45   2.0382  0.2407   143.05   2  2 -5      85.5              7.9        -7.88         0.00  180.00  4   7.55
  2  2  3  22.29  44.58   2.0324  0.2421   143.87   2  2  3     296.0             14.7       -14.70         0.00  180.00  4   7.51
  3  3 -3  22.46  44.91   2.0181  0.2455   145.92   3  3 -3      59.0              6.6         6.61         0.00    0.00  4   7.42
  3  3  0  22.49  44.99   2.0149  0.2463   146.38   3  3  0     230.9             13.1        13.09         0.00    0.00  4   7.39
  0  2  5  22.74  45.48   1.9945  0.2514   149.39   0  2  5      44.6              5.8         5.80         0.00    0.00  4   7.26
  1  3 -5  23.40  46.81   1.9408  0.2655   157.77   1  3 -5     162.8             11.4       -11.37         0.00  180.00  4   6.91
  0  4  4  23.42  46.83   1.9399  0.2657   157.92   0  4  4       0.4              0.6         0.57         0.00    0.00  4   6.90
  1  3  4  23.44  46.88   1.9380  0.2663   158.24   1  3  4     129.2             10.1        10.15         0.00    0.00  4   6.89
  1  5 -3  23.48  46.97   1.9346  0.2672   158.78   1  5 -3      72.2              7.6         7.60         0.00    0.00  4   6.87
  1  5  2  23.50  47.01   1.9331  0.2676   159.04   1  5  2      20.1              4.0         4.01         0.00    0.00  4   6.86
  3  1 -5  23.65  47.29   1.9221  0.2707   160.86   3  1 -5      69.5              7.5         7.50         0.00    0.00  4   6.79
  3  1  2  23.73  47.46   1.9157  0.2725   161.94   3  1  2      52.2              6.5        -6.52         0.00  180.00  4   6.75
  2  4 -4  23.75  47.49   1.9144  0.2728   162.15   2  4 -4     485.7             19.9       -19.89         0.00  180.00  4   6.74
  2  4  2  23.79  47.59   1.9108  0.2739   162.77   2  4  2     447.3             19.1        19.12         0.00    0.00  4   6.71
  4  0 -2  23.94  47.89   1.8995  0.2772   164.71   4  0 -2     673.8             33.4       -33.36         0.00  180.00  2   6.64
  3  3 -4  24.10  48.19   1.8881  0.2805   166.70   3  3 -4      23.9              4.5        -4.46         0.00  180.00  4   6.57
  0  6  0  24.11  48.23   1.8870  0.2808   166.90   0  6  0      32.6              7.4         7.38         0.00    0.00  2   6.56
  3  3  1  24.16  48.31   1.8838  0.2818   167.47   3  3  1      42.6              6.0        -5.97         0.00  180.00  4   6.54
  2  0 -6  24.46  48.93   1.8615  0.2886   171.51   2  0 -6      10.7              4.3         4.28         0.00    0.00  2   6.41
  0  6  1  24.51  49.02   1.8581  0.2896   172.13   0  6  1     149.4             11.3       -11.33         0.00  180.00  4   6.38
  2  0  4  24.54  49.09   1.8559  0.2903   172.54   2  0  4       1.2              1.4        -1.43         0.00  180.00  2   6.37
  1  1 -6  24.58  49.15   1.8536  0.2911   172.97   1  1 -6     275.5             15.4       -15.42         0.00  180.00  4   6.36
  1  1  5  24.62  49.24   1.8506  0.2920   173.54   1  1  5      56.6              7.0        -7.00         0.00  180.00  4   6.34
  4  2 -2  25.35  50.69   1.8008  0.3084   183.25   4  2 -2       8.2              2.7         2.72         0.00    0.00  4   6.04
  4  0 -4  25.49  50.98   1.7912  0.3117   185.23   4  0 -4      45.6              9.2        -9.15         0.00  180.00  2   5.98
  4  0  0  25.55  51.11   1.7872  0.3131   186.05   4  0  0       6.8              3.5        -3.54         0.00  180.00  2   5.96
  0  6  2  25.68  51.37   1.7787  0.3161   187.83   0  6  2      62.4              7.6         7.62         0.00    0.00  4   5.91
  4  2 -3  25.72  51.43   1.7766  0.3168   188.28   4  2 -3      46.8              6.6         6.60         0.00    0.00  4   5.90
  0  0  6  25.73  51.45   1.7760  0.3170   188.42   0  0  6     375.8             26.5       -26.46         0.00  180.00  2   5.89
  4  2 -1  25.75  51.49   1.7747  0.3175   188.69   4  2 -1      79.5              8.6        -8.61         0.00  180.00  4   5.88
  2  2 -6  25.85  51.69   1.7683  0.3198   190.05   2  2 -6       8.9              2.9        -2.89         0.00  180.00  4   5.85
  1  5 -4  25.85  51.70   1.7680  0.3199   190.13   1  5 -4      60.9              7.6        -7.56         0.00  180.00  4   5.84
  1  5  3  25.88  51.76   1.7663  0.3205   190.49   1  5  3       4.4              2.0         2.03         0.00    0.00  4   5.83
  2  2  4  25.92  51.84   1.7636  0.3215   191.08   2  2  4       2.6              1.6        -1.56         0.00  180.00  4   5.82
  3  3 -5  26.42  52.84   1.7327  0.3331   197.95   3  3 -5      35.0              5.8         5.83         0.00    0.00  4   5.64
  2  4 -5  26.47  52.94   1.7295  0.3343   198.68   2  4 -5       7.1              2.6         2.63         0.00    0.00  4   5.62
  3  3  2  26.50  52.99   1.7280  0.3349   199.03   3  3  2       6.8              2.6        -2.57         0.00  180.00  4   5.61
  2  4  3  26.53  53.06   1.7259  0.3357   199.51   2  4  3       0.1              0.3         0.30         0.00    0.00  4   5.60
  3  1 -6  26.75  53.50   1.7128  0.3409   202.57   3  1 -6      61.2              7.8         7.79         0.00    0.00  4   5.53
  4  2 -4  26.83  53.67   1.7077  0.3429   203.78   4  2 -4       0.0              0.2         0.18         0.00    0.00  4   5.50
  3  1  3  26.85  53.70   1.7070  0.3432   203.96   3  1  3      53.7              7.3        -7.32         0.00  180.00  4   5.50
  4  2  0  26.89  53.79   1.7043  0.3443   204.60   4  2  0      15.5              3.9         3.95         0.00    0.00  4   5.48
  0  4  5  26.92  53.85   1.7025  0.3450   205.02   0  4  5      10.1              3.2        -3.19         0.00  180.00  4   5.47
  0  2  6  27.06  54.12   1.6945  0.3483   206.96   0  2  6       0.3              0.5        -0.54         0.00  180.00  4   5.43
  2  6 -1  27.14  54.28   1.6900  0.3501   208.08   2  6 -1     294.6             17.3       -17.30         0.00  180.00  4   5.40
  3  5 -2  27.26  54.52   1.6831  0.3530   209.78   3  5 -2      43.8              6.7         6.69         0.00    0.00  4   5.36
  3  5 -1  27.27  54.54   1.6825  0.3533   209.93   3  5 -1      43.3              6.7        -6.66         0.00  180.00  4   5.36
  1  3 -6  27.28  54.56   1.6820  0.3535   210.06   1  3 -6     229.5             15.3        15.33         0.00    0.00  4   5.36
  1  3  5  27.32  54.64   1.6797  0.3544   210.63   1  3  5     161.0             12.9       -12.86         0.00  180.00  4   5.34
  2  6 -2  27.50  55.00   1.6695  0.3588   213.21   2  6 -2       0.2              0.5         0.47         0.00    0.00  4   5.29
  2  6  0  27.51  55.03   1.6687  0.3591   213.41   2  6  0       0.8              0.9        -0.91         0.00  180.00  4   5.28
  0  6  3  27.56  55.11   1.6664  0.3601   214.00   0  6  3     293.1             17.5       -17.47         0.00  180.00  4   5.27
  3  5 -3  27.98  55.96   1.6432  0.3703   220.09   3  5 -3      24.4              5.1        -5.10         0.00  180.00  4   5.14
  3  5  0  28.01  56.02   1.6415  0.3711   220.56   3  5  0       4.4              2.2        -2.16         0.00  180.00  4   5.14
  2  6 -3  28.58  57.15   1.6116  0.3850   228.80   2  6 -3       2.0              1.5        -1.47         0.00  180.00  4   4.98
  2  6  1  28.60  57.21   1.6102  0.3857   229.22   2  6  1      27.1              5.5        -5.47         0.00  180.00  4   4.97
  4  2 -5  28.64  57.28   1.6084  0.3866   229.74   4  2 -5     133.5             12.2        12.15         0.00    0.00  4   4.96
1

  H  K  L  THETA  2THETA D VALUE  1/D**2 SIN2*1000  H  K  L INTENSITY         /F(HKL)/       A(HKL)      B(HKL) PHA.ANG. MULT   LPG

  4  2  1  28.72  57.45   1.6041  0.3887   230.97   4  2  1     526.8             24.2       -24.20         0.00  180.00  4   4.94
  1  5 -5  28.79  57.58   1.6007  0.3903   231.95   1  5 -5       1.3              1.2         1.20         0.00    0.00  4   4.92
  1  5  4  28.82  57.64   1.5991  0.3911   232.41   1  5  4      14.2              4.0         3.99         0.00    0.00  4   4.91
  1  1 -7  29.05  58.09   1.5878  0.3967   235.73   1  1 -7      32.1              6.0         6.02         0.00    0.00  4   4.85
  1  1  6  29.09  58.18   1.5855  0.3978   236.39   1  1  6       5.7              2.5         2.54         0.00    0.00  4   4.84
  1  7 -1  29.25  58.50   1.5777  0.4017   238.74   1  7 -1      19.8              4.8        -4.76         0.00  180.00  4   4.80
  1  7  0  29.25  58.51   1.5776  0.4018   238.80   1  7  0       0.1              0.3        -0.29         0.00  180.00  4   4.80
  4  4 -2  29.26  58.52   1.5773  0.4020   238.88   4  4 -2     249.9             16.9        16.90         0.00    0.00  4   4.80
  3  3 -6  29.31  58.62   1.5747  0.4033   239.66   3  3 -6     320.8             19.2       -19.18         0.00  180.00  4   4.79
  3  5 -4  29.39  58.79   1.5707  0.4053   240.88   3  5 -4      52.8              7.8        -7.80         0.00  180.00  4   4.76
  3  3  3  29.40  58.81   1.5702  0.4056   241.05   3  3  3     109.7             11.2       -11.24         0.00  180.00  4   4.76
  3  5  1  29.44  58.89   1.5682  0.4066   241.65   3  5  1       0.1              0.2         0.25         0.00    0.00  4   4.75
  4  4 -3  29.60  59.19   1.5609  0.4104   243.91   4  4 -3       9.1              3.3         3.26         0.00    0.00  4   4.71
  4  4 -1  29.62  59.25   1.5596  0.4111   244.32   4  4 -1      11.5              3.7         3.66         0.00    0.00  4   4.71
  2  4 -6  29.71  59.43   1.5553  0.4134   245.69   2  4 -6      37.4              6.6        -6.62         0.00  180.00  4   4.69
  2  4  4  29.78  59.56   1.5520  0.4151   246.71   2  4  4       3.2              1.9         1.93         0.00    0.00  4   4.67
  2  2 -7  29.84  59.67   1.5495  0.4165   247.52   2  2 -7     328.8             19.7       -19.68         0.00  180.00  4   4.66
  4  0 -6  29.84  59.69   1.5492  0.4167   247.63   4  0 -6       0.5              1.1         1.12         0.00    0.00  2   4.66
  2  2  5  29.92  59.84   1.5457  0.4186   248.76   2  2  5      77.7              9.6        -9.59         0.00  180.00  4   4.64
  1  7 -2  29.94  59.89   1.5444  0.4193   249.16   1  7 -2      47.8              7.5         7.53         0.00    0.00  4   4.63
  4  0  2  29.95  59.90   1.5441  0.4194   249.27   4  0  2      31.0              8.6         8.58         0.00    0.00  2   4.63
  1  7  1  29.95  59.91   1.5439  0.4195   249.31   1  7  1      17.9              4.6        -4.61         0.00  180.00  4   4.63
  0  6  4  30.04  60.08   1.5398  0.4217   250.64   0  6  4       5.1              2.5         2.47         0.00    0.00  4   4.61
  3  1 -7  30.31  60.63   1.5273  0.4287   254.76   3  1 -7      18.3              4.7        -4.69         0.00  180.00  4   4.55
  2  6 -4  30.32  60.64   1.5270  0.4289   254.87   2  6 -4      16.6              4.5         4.47         0.00    0.00  4   4.55
  2  6  2  30.36  60.72   1.5252  0.4299   255.49   2  6  2       5.7              2.6         2.63         0.00    0.00  4   4.54
  3  1  4  30.43  60.85   1.5223  0.4315   256.46   3  1  4      25.0              5.5         5.50         0.00    0.00  4   4.52
  4  4 -4  30.62  61.24   1.5136  0.4365   259.41   4  4 -4      26.9              5.7         5.74         0.00    0.00  4   4.48
  4  4  0  30.67  61.34   1.5112  0.4379   260.23   4  4  0       3.8              2.2         2.16         0.00    0.00  4   4.47
  0  4  6  30.83  61.65   1.5044  0.4419   262.60   0  4  6      68.8              9.2         9.23         0.00    0.00  4   4.43
  5  1 -3  30.86  61.73   1.5027  0.4428   263.17   5  1 -3      10.2              3.6        -3.55         0.00  180.00  4   4.43
  5  1 -2  30.88  61.76   1.5020  0.4433   263.43   5  1 -2       9.3              3.4         3.39         0.00    0.00  4   4.42
  4  2 -6  31.06  62.12   1.4942  0.4479   266.17   4  2 -6       3.4              2.1        -2.07         0.00  180.00  4   4.39
  4  2  2  31.17  62.33   1.4896  0.4506   267.81   4  2  2      23.6              5.5         5.45         0.00    0.00  4   4.36
  1  7 -3  31.31  62.62   1.4835  0.4544   270.04   1  7 -3      15.0              4.4         4.36         0.00    0.00  4   4.33
  1  7  2  31.33  62.65   1.4828  0.4548   270.30   1  7  2     160.0             14.2       -14.24         0.00  180.00  4   4.33
  3  5 -5  31.44  62.89   1.4778  0.4579   272.12   3  5 -5       2.4              1.8         1.76         0.00    0.00  4   4.31
  1  3 -7  31.49  62.98   1.4759  0.4591   272.81   1  3 -7       0.9              1.0         1.04         0.00    0.00  4   4.30
  3  5  2  31.51  63.03   1.4749  0.4597   273.20   3  5  2      33.5              6.5         6.54         0.00    0.00  4   4.29
  5  1 -4  31.52  63.05   1.4744  0.4600   273.38   5  1 -4      49.7              8.0        -7.97         0.00  180.00  4   4.29
  1  3  6  31.53  63.06   1.4741  0.4602   273.48   1  3  6      12.2              4.0         3.96         0.00    0.00  4   4.29
  5  1 -1  31.57  63.15   1.4723  0.4613   274.15   5  1 -1      32.6              6.5         6.46         0.00    0.00  4   4.28
  0  2  7  31.63  63.26   1.4700  0.4627   275.00   0  2  7       6.9              3.0         2.97         0.00    0.00  4   4.27
  1  5 -6  32.22  64.44   1.4460  0.4783   284.24   1  5 -6      22.5              5.4         5.44         0.00    0.00  4   4.16
  1  5  5  32.25  64.51   1.4445  0.4792   284.80   1  5  5     102.7             11.7        11.65         0.00    0.00  4   4.15
  4  4 -5  32.29  64.58   1.4431  0.4802   285.37   4  4 -5     109.2             12.0       -12.02         0.00  180.00  4   4.15
  4  4  1  32.37  64.74   1.4400  0.4823   286.61   4  4  1     151.9             14.2        14.20         0.00    0.00  4   4.13
  2  6 -5  32.67  65.34   1.4281  0.4903   291.41   2  6 -5       3.8              2.3         2.27         0.00    0.00  4   4.08
  3  3 -7  32.70  65.40   1.4270  0.4911   291.85   3  3 -7     178.3             15.5       -15.50         0.00  180.00  4   4.07
  2  6  3  32.72  65.45   1.4261  0.4917   292.23   2  6  3       0.8              1.0        -1.02         0.00  180.00  4   4.07
  3  3  4  32.81  65.61   1.4229  0.4939   293.54   3  3  4     165.4             15.0       -14.97         0.00  180.00  4   4.05
  5  1 -5  32.84  65.68   1.4216  0.4948   294.06   5  1 -5      68.7              9.6         9.65         0.00    0.00  4   4.05
  5  1  0  32.92  65.84   1.4185  0.4970   295.34   5  1  0     120.5             12.8        12.80         0.00    0.00  4   4.03
  0  8  0  33.00  66.01   1.4152  0.4993   296.71   0  8  0       1.4              1.9        -1.95         0.00  180.00  2   4.02
  2  0 -8  33.02  66.04   1.4148  0.4996   296.92   2  0 -8       0.9              1.6         1.58         0.00    0.00  2   4.02
  0  6  5  33.07  66.14   1.4128  0.5010   297.74   0  6  5      13.3              4.3        -4.27         0.00  180.00  4   4.01
  2  0  6  33.11  66.22   1.4113  0.5020   298.35   2  0  6       4.1              3.4         3.35         0.00    0.00  2   4.00
1

  H  K  L  THETA  2THETA D VALUE  1/D**2 SIN2*1000  H  K  L INTENSITY         /F(HKL)/       A(HKL)      B(HKL) PHA.ANG. MULT   LPG

  5  3 -3  33.23  66.45   1.4069  0.5052   300.26   5  3 -3       8.6              3.4        -3.43         0.00  180.00  4   3.98
  5  3 -2  33.24  66.49   1.4063  0.5057   300.52   5  3 -2      16.9              4.8         4.83         0.00    0.00  4   3.98
  1  7 -4  33.30  66.60   1.4042  0.5072   301.40   1  7 -4       1.4              1.4         1.37         0.00    0.00  4   3.97
  1  7  3  33.32  66.64   1.4034  0.5078   301.76   1  7  3       8.2              3.4        -3.37         0.00  180.00  4   3.97
  0  8  1  33.33  66.66   1.4029  0.5081   301.94   0  8  1      17.6              4.9        -4.94         0.00  180.00  4   3.96
  2  4 -7  33.41  66.82   1.4001  0.5101   303.16   2  4 -7      35.1              7.0        -6.98         0.00  180.00  4   3.95
  2  4  5  33.48  66.97   1.3973  0.5122   304.39   2  4  5      34.2              6.9        -6.90         0.00  180.00  4   3.94
  1  1 -8  33.77  67.54   1.3869  0.5199   308.95   1  1 -8       0.0              0.2        -0.20         0.00  180.00  4   3.89
  1  1  7  33.82  67.63   1.3852  0.5212   309.72   1  1  7      64.6              9.5        -9.55         0.00  180.00  4   3.89
  5  3 -4  33.86  67.72   1.3835  0.5224   310.47   5  3 -4      53.1              8.7        -8.66         0.00  180.00  4   3.88
  5  3 -1  33.91  67.82   1.3818  0.5237   311.24   5  3 -1       0.1              0.3        -0.28         0.00  180.00  4   3.87
  4  2 -7  34.02  68.05   1.3778  0.5268   313.07   4  2 -7      25.2              6.0         5.99         0.00    0.00  4   3.85
  3  5 -6  34.07  68.14   1.3761  0.5281   313.84   3  5 -6       0.1              0.4         0.43         0.00    0.00  4   3.85
  4  2  3  34.15  68.30   1.3733  0.5303   315.13   4  2  3       9.5              3.7        -3.68         0.00  180.00  4   3.83
  3  5  3  34.16  68.31   1.3730  0.5304   315.23   3  5  3       3.9              2.4        -2.37         0.00  180.00  4   3.83
  2  2 -8  34.17  68.34   1.3725  0.5308   315.46   2  2 -8      14.1              4.5         4.49         0.00    0.00  4   3.83
  2  2  6  34.26  68.52   1.3694  0.5332   316.90   2  2  6      75.2             10.4       -10.39         0.00  180.00  4   3.82
  3  1 -8  34.29  68.58   1.3683  0.5341   317.41   3  1 -8       4.9              2.7        -2.65         0.00  180.00  4   3.81
  0  8  2  34.31  68.61   1.3678  0.5345   317.64   0  8  2      16.1              4.8         4.82         0.00    0.00  4   3.81
  3  1  5  34.41  68.83   1.3640  0.5375   319.42   3  1  5      38.9              7.5         7.50         0.00    0.00  4   3.79
  3  7 -2  34.51  69.03   1.3605  0.5402   321.05   3  7 -2       1.8              1.6        -1.63         0.00  180.00  4   3.78
  3  7 -1  34.52  69.05   1.3602  0.5405   321.20   3  7 -1       4.2              2.5        -2.48         0.00  180.00  4   3.78
  4  4 -6  34.56  69.12   1.3589  0.5415   321.80   4  4 -6       1.1              1.3         1.25         0.00    0.00  4   3.77
  4  4  2  34.66  69.32   1.3555  0.5443   323.45   4  4  2      31.7              6.8        -6.80         0.00  180.00  4   3.76
  5  1 -6  34.77  69.54   1.3518  0.5472   325.21   5  1 -6      48.8              8.5        -8.46         0.00  180.00  4   3.74
  5  1  1  34.88  69.76   1.3481  0.5502   327.00   5  1  1       9.2              3.7        -3.68         0.00  180.00  4   3.73
  0  4  7  35.10  70.20   1.3407  0.5564   330.64   0  4  7      23.1              5.9         5.86         0.00    0.00  4   3.70
  5  3 -5  35.13  70.26   1.3396  0.5572   331.15   5  3 -5      15.5              4.8         4.81         0.00    0.00  4   3.69
  3  7 -3  35.14  70.29   1.3392  0.5576   331.36   3  7 -3      41.3              7.8         7.84         0.00    0.00  4   3.69
  4  6 -2  35.16  70.32   1.3387  0.5580   331.61   4  6 -2      25.1              6.1        -6.11         0.00  180.00  4   3.69
  3  7  0  35.17  70.35   1.3383  0.5584   331.82   3  7  0      58.7              9.3        -9.35         0.00  180.00  4   3.69
  5  3  0  35.21  70.42   1.3370  0.5594   332.43   5  3  0      16.8              5.0        -5.00         0.00  180.00  4   3.68
  0  0  8  35.36  70.73   1.3320  0.5636   334.97   0  0  8       0.6              1.4        -1.36         0.00  180.00  2   3.66
  4  6 -3  35.46  70.93   1.3287  0.5664   336.63   4  6 -3       1.8              1.7        -1.66         0.00  180.00  4   3.65
  4  6 -1  35.49  70.98   1.3279  0.5671   337.04   4  6 -1     106.2             12.6        12.65         0.00    0.00  4   3.64
  2  8 -1  35.54  71.08   1.3262  0.5686   337.89   2  8 -1      27.9              6.5         6.48         0.00    0.00  4   3.64
  2  6 -6  35.57  71.14   1.3252  0.5694   338.41   2  6 -6       1.2              1.4         1.37         0.00    0.00  4   3.63
  2  6  4  35.63  71.27   1.3232  0.5712   339.44   2  6  4       1.2              1.4        -1.36         0.00  180.00  4   3.62
  2  8 -2  35.85  71.70   1.3163  0.5772   343.02   2  8 -2       1.7              1.6         1.62         0.00    0.00  4   3.60
  1  7 -5  35.86  71.73   1.3159  0.5775   343.22   1  7 -5     134.0             14.3        14.30         0.00    0.00  4   3.60
  2  8  0  35.86  71.73   1.3159  0.5775   343.22   2  8  0      33.9              7.2        -7.19         0.00  180.00  4   3.60
  1  7  4  35.89  71.78   1.3150  0.5783   343.68   1  7  4       2.4              1.9        -1.91         0.00  180.00  4   3.59
  0  8  3  35.90  71.80   1.3147  0.5785   343.81   0  8  3       0.0              0.2        -0.22         0.00  180.00  4   3.59
  1  3 -8  36.03  72.07   1.3105  0.5823   346.04   1  3 -8       0.4              0.7         0.74         0.00    0.00  4   3.57
  1  3  7  36.08  72.16   1.3090  0.5836   346.81   1  3  7       1.4              1.5         1.48         0.00    0.00  4   3.57
  1  5 -7  36.09  72.18   1.3087  0.5839   346.99   1  5 -7       0.0              0.1         0.09         0.00    0.00  4   3.57
  1  5  6  36.13  72.26   1.3074  0.5850   347.66   1  5  6      14.4              4.7        -4.70         0.00  180.00  4   3.56
  4  0 -8  36.38  72.77   1.2996  0.5921   351.89   4  0 -8     121.7             19.4        19.45         0.00    0.00  2   3.53
  4  6 -4  36.40  72.80   1.2991  0.5925   352.13   4  6 -4      44.9              8.4        -8.36         0.00  180.00  4   3.53
  3  7 -4  36.40  72.80   1.2991  0.5925   352.14   3  7 -4      78.0             11.0        11.01         0.00    0.00  4   3.53
  3  7  1  36.45  72.89   1.2977  0.5938   352.91   3  7  1       1.7              1.6         1.60         0.00    0.00  4   3.52
  4  6  0  36.45  72.90   1.2976  0.5939   352.95   4  6  0      11.2              4.2        -4.17         0.00  180.00  4   3.52
  0  2  8  36.48  72.96   1.2966  0.5948   353.51   0  2  8       0.1              0.3        -0.29         0.00  180.00  4   3.52
  4  0  4  36.53  73.07   1.2950  0.5963   354.36   4  0  4     131.1             20.2        20.24         0.00    0.00  2   3.51
  3  3 -8  36.54  73.08   1.2948  0.5965   354.50   3  3 -8      16.9              5.1        -5.14         0.00  180.00  4   3.51
  0  6  6  36.59  73.18   1.2933  0.5979   355.32   0  6  6       9.7              3.9        -3.90         0.00  180.00  4   3.51
  3  3  5  36.66  73.32   1.2911  0.5999   356.50   3  3  5       8.5              3.7         3.65         0.00    0.00  4   3.50
1

  H  K  L  THETA  2THETA D VALUE  1/D**2 SIN2*1000  H  K  L INTENSITY         /F(HKL)/       A(HKL)      B(HKL) PHA.ANG. MULT   LPG

  2  8 -3  36.79  73.57   1.2873  0.6034   358.61   2  8 -3      44.1              8.3         8.33         0.00    0.00  4   3.48
  2  8  1  36.81  73.62   1.2866  0.6041   359.03   2  8  1      22.5              6.0         5.96         0.00    0.00  4   3.48
  5  3 -6  37.01  74.01   1.2808  0.6096   362.29   5  3 -6      13.2              4.6        -4.57         0.00  180.00  4   3.46
  5  3  1  37.11  74.23   1.2776  0.6127   364.09   5  3  1      29.1              6.8        -6.80         0.00  180.00  4   3.44
  3  5 -7  37.23  74.46   1.2742  0.6159   366.02   3  5 -7       2.5              2.0         2.01         0.00    0.00  4   3.43
  5  1 -7  37.28  74.55   1.2728  0.6172   366.82   5  1 -7       7.5              3.5        -3.46         0.00  180.00  4   3.43
  3  5  4  37.33  74.66   1.2713  0.6188   367.72   3  5  4      53.6              9.3        -9.28         0.00  180.00  4   3.42
  4  4 -7  37.39  74.78   1.2696  0.6204   368.70   4  4 -7       1.8              1.7        -1.69         0.00  180.00  4   3.41
  5  1  2  37.41  74.83   1.2688  0.6211   369.13   5  1  2      44.2              8.4         8.43         0.00    0.00  4   3.41
  4  2 -8  37.49  74.98   1.2666  0.6233   370.44   4  2 -8      20.1              5.7         5.69         0.00    0.00  4   3.40
  4  4  3  37.51  75.02   1.2661  0.6239   370.76   4  4  3      16.5              5.2         5.16         0.00    0.00  4   3.40
  2  4 -8  37.53  75.06   1.2655  0.6244   371.09   2  4 -8      55.7              9.5         9.48         0.00    0.00  4   3.40
  2  4  6  37.62  75.23   1.2630  0.6269   372.53   2  4  6      55.2              9.5        -9.45         0.00  180.00  4   3.39
  4  2  4  37.64  75.27   1.2624  0.6275   372.90   4  2  4      39.9              8.0        -8.04         0.00  180.00  4   3.39
  5  5 -3  37.73  75.46   1.2598  0.6301   374.44   5  5 -3      82.6             11.6        11.59         0.00    0.00  4   3.38
  5  5 -2  37.74  75.49   1.2594  0.6305   374.69   5  5 -2       0.4              0.8        -0.79         0.00  180.00  4   3.38
  6  0 -4  37.79  75.58   1.2580  0.6319   375.52   6  0 -4       8.7              5.3        -5.31         0.00  180.00  2   3.37
  6  0 -2  37.83  75.66   1.2570  0.6329   376.13   6  0 -2      22.3              8.5         8.53         0.00    0.00  2   3.37
  4  6 -5  37.94  75.89   1.2537  0.6362   378.09   4  6 -5     177.9             17.1       -17.06         0.00  180.00  4   3.35
  4  6  1  38.02  76.03   1.2517  0.6383   379.33   4  6  1      68.1             10.6        10.57         0.00    0.00  4   3.35
  0  8  4  38.08  76.17   1.2498  0.6402   380.45   0  8  4      25.7              6.5        -6.50         0.00  180.00  4   3.34
  3  7 -5  38.26  76.51   1.2450  0.6451   383.39   3  7 -5       0.0              0.3         0.28         0.00    0.00  4   3.32
  3  7  2  38.32  76.64   1.2433  0.6469   384.47   3  7  2       1.0              1.3         1.31         0.00    0.00  4   3.32
  5  5 -4  38.33  76.66   1.2430  0.6472   384.65   5  5 -4     129.3             14.6        14.63         0.00    0.00  4   3.31
  2  8 -4  38.33  76.67   1.2429  0.6473   384.68   2  8 -4     430.7             26.7        26.70         0.00    0.00  4   3.31
  2  8  2  38.37  76.74   1.2419  0.6483   385.30   2  8  2     460.0             27.6       -27.61         0.00  180.00  4   3.31
  5  5 -1  38.38  76.75   1.2417  0.6485   385.42   5  5 -1      43.7              8.5         8.52         0.00    0.00  4   3.31
  1  9 -1  38.47  76.95   1.2390  0.6514   387.10   1  9 -1       8.0              3.6         3.64         0.00    0.00  4   3.30
  1  9  0  38.48  76.96   1.2390  0.6515   387.15   1  9  0      27.7              6.8         6.79         0.00    0.00  4   3.30
  6  2 -3  38.59  77.19   1.2358  0.6548   389.13   6  2 -3     135.3             15.0       -15.03         0.00  180.00  4   3.29
  3  1 -9  38.68  77.35   1.2336  0.6571   390.53   3  1 -9      83.3             11.8       -11.80         0.00  180.00  4   3.28
  1  1 -9  38.80  77.60   1.2303  0.6607   392.64   1  1 -9     189.2             17.8        17.83         0.00    0.00  4   3.27
  3  1  6  38.81  77.62   1.2300  0.6610   392.84   3  1  6       0.1              0.4        -0.45         0.00  180.00  4   3.27
  1  1  8  38.85  77.70   1.2289  0.6622   393.51   1  1  8      52.1              9.4         9.36         0.00    0.00  4   3.26
  2  2 -9  38.87  77.74   1.2284  0.6628   393.86   2  2 -9      25.3              6.5        -6.53         0.00  180.00  4   3.26
  6  2 -4  38.88  77.77   1.2281  0.6631   394.06   6  2 -4       2.2              1.9        -1.92         0.00  180.00  4   3.26
  6  2 -2  38.92  77.84   1.2271  0.6641   394.68   6  2 -2       0.3              0.7        -0.70         0.00  180.00  4   3.26
  1  7 -6  38.97  77.94   1.2258  0.6655   395.50   1  7 -6       3.4              2.4        -2.41         0.00  180.00  4   3.25
  2  2  7  38.97  77.94   1.2258  0.6655   395.51   2  2  7       3.4              2.4        -2.38         0.00  180.00  4   3.25
  2  6 -7  38.99  77.98   1.2252  0.6661   395.88   2  6 -7      51.7              9.3         9.34         0.00    0.00  4   3.25
  1  7  5  39.00  78.00   1.2249  0.6665   396.07   1  7  5     109.3             13.6        13.59         0.00    0.00  4   3.25
  2  6  5  39.06  78.12   1.2233  0.6682   397.11   2  6  5     146.8             15.8        15.76         0.00    0.00  4   3.24
  1  9 -2  39.09  78.17   1.2227  0.6689   397.51   1  9 -2      19.8              5.8         5.79         0.00    0.00  4   3.24
  1  9  1  39.10  78.19   1.2225  0.6692   397.67   1  9  1      37.7              8.0         7.99         0.00    0.00  4   3.24
  5  3 -7  39.46  78.92   1.2130  0.6797   403.91   5  3 -7      17.2              5.4         5.42         0.00    0.00  4   3.21
  5  5 -5  39.54  79.09   1.2109  0.6820   405.32   5  5 -5      19.6              5.8        -5.79         0.00  180.00  4   3.20
  5  3  2  39.59  79.19   1.2095  0.6835   406.22   5  3  2       0.7              1.1        -1.06         0.00  180.00  4   3.19
  5  5  0  39.62  79.24   1.2090  0.6842   406.61   5  5  0       0.7              1.1        -1.07         0.00  180.00  4   3.19
  0  4  8  39.77  79.53   1.2052  0.6885   409.14   0  4  8       4.4              2.8         2.76         0.00    0.00  4   3.18
  6  2 -5  39.78  79.57   1.2047  0.6890   409.45   6  2 -5      13.4              4.8        -4.82         0.00  180.00  4   3.18
  6  2 -1  39.86  79.71   1.2029  0.6911   410.69   6  2 -1       2.2              2.0        -1.96         0.00  180.00  4   3.17
  4  6 -6  40.08  80.16   1.1974  0.6975   414.52   4  6 -6       3.8              2.6         2.56         0.00    0.00  4   3.15
  4  6  2  40.17  80.35   1.1950  0.7003   416.17   4  6  2       3.2              2.4        -2.36         0.00  180.00  4   3.14
  6  0 -6  40.21  80.42   1.1941  0.7013   416.77   6  0 -6      51.4             13.4       -13.39         0.00  180.00  2   3.14
  1  9 -3  40.30  80.61   1.1918  0.7040   418.40   1  9 -3      20.7              6.0        -6.02         0.00  180.00  4   3.13
  6  0  0  40.32  80.63   1.1915  0.7044   418.62   6  0  0      23.1              9.0         8.99         0.00    0.00  2   3.13
  1  9  2  40.32  80.64   1.1914  0.7045   418.66   1  9  2       0.1              0.4         0.40         0.00    0.00  4   3.13
1

  H  K  L  THETA  2THETA D VALUE  1/D**2 SIN2*1000  H  K  L INTENSITY         /F(HKL)/       A(HKL)      B(HKL) PHA.ANG. MULT   LPG

  5  1 -8  40.33  80.67   1.1911  0.7049   418.90   5  1 -8     103.8             13.5        13.48         0.00    0.00  4   3.13
  1  5 -8  40.41  80.82   1.1892  0.7071   420.21   1  5 -8      29.3              7.2         7.17         0.00    0.00  4   3.13
  1  5  7  40.45  80.91   1.1881  0.7084   420.98   1  5  7     111.7             14.0        14.01         0.00    0.00  4   3.12
  2  8 -5  40.47  80.93   1.1878  0.7088   421.22   2  8 -5      81.6             12.0       -11.98         0.00  180.00  4   3.12
  5  1  3  40.50  80.99   1.1871  0.7096   421.73   5  1  3      50.3              9.4         9.41         0.00    0.00  4   3.12
  2  8  3  40.51  81.03   1.1866  0.7102   422.04   2  8  3      46.7              9.1        -9.07         0.00  180.00  4   3.12
  0  6  7  40.59  81.18   1.1848  0.7124   423.36   0  6  7      87.1             12.4        12.39         0.00    0.00  4   3.11
  3  7 -6  40.69  81.39   1.1824  0.7153   425.11   3  7 -6       9.1              4.0         4.01         0.00    0.00  4   3.10
  4  4 -8  40.75  81.50   1.1810  0.7169   426.07   4  4 -8      59.9             10.3       -10.30         0.00  180.00  4   3.10
  3  7  3  40.77  81.55   1.1804  0.7177   426.49   3  7  3       9.7              4.2         4.16         0.00    0.00  4   3.10
  0  8  5  40.83  81.67   1.1790  0.7194   427.55   0  8  5       7.0              3.5         3.52         0.00    0.00  4   3.09
  3  3 -9  40.84  81.68   1.1789  0.7195   427.62   3  3 -9       1.2              1.4        -1.44         0.00  180.00  4   3.09
  4  4  4  40.89  81.78   1.1776  0.7211   428.54   4  4  4      59.6             10.3       -10.29         0.00  180.00  4   3.09
  3  5 -8  40.90  81.80   1.1774  0.7213   428.68   3  5 -8       5.2              3.0         3.03         0.00    0.00  4   3.09
  1  3 -9  40.96  81.92   1.1760  0.7231   429.73   1  3 -9       5.5              3.1         3.14         0.00    0.00  4   3.08
  3  3  6  40.97  81.94   1.1757  0.7234   429.93   3  3  6       6.0              3.3        -3.26         0.00  180.00  4   3.08
  1  3  8  41.01  82.02   1.1748  0.7246   430.60   1  3  8       0.5              0.9        -0.93         0.00  180.00  4   3.08
  3  5  5  41.02  82.03   1.1747  0.7247   430.68   3  5  5       1.2              1.4         1.43         0.00    0.00  4   3.08
  6  2 -6  41.28  82.57   1.1684  0.7325   435.31   6  2 -6      12.3              4.7         4.70         0.00    0.00  4   3.06
  5  5 -6  41.35  82.70   1.1669  0.7344   436.47   5  5 -6      15.0              5.2         5.20         0.00    0.00  4   3.05
  6  2  0  41.39  82.78   1.1659  0.7356   437.16   6  2  0      14.9              5.2         5.18         0.00    0.00  4   3.05
  4  2 -9  41.45  82.91   1.1645  0.7375   438.27   4  2 -9      18.6              5.8        -5.78         0.00  180.00  4   3.04
  5  5  1  41.45  82.91   1.1645  0.7375   438.27   5  5  1      39.2              8.4        -8.41         0.00  180.00  4   3.04
  4  2  5  41.62  83.24   1.1607  0.7423   441.15   4  2  5       4.4              2.8        -2.82         0.00  180.00  4   3.03
  0  2  9  41.70  83.39   1.1589  0.7446   442.49   0  2  9      68.8             11.2       -11.17         0.00  180.00  4   3.03
  6  4 -3  41.83  83.66   1.1559  0.7484   444.77   6  4 -3       2.8              2.2        -2.25         0.00  180.00  4   3.02
  2  4 -9  42.10  84.20   1.1498  0.7564   449.50   2  4 -9       1.6              1.7         1.71         0.00    0.00  4   3.00
  6  4 -4  42.11  84.23   1.1496  0.7567   449.69   6  4 -4      25.3              6.8         6.80         0.00    0.00  4   3.00
  1  9 -4  42.12  84.23   1.1495  0.7568   449.75   1  9 -4       3.7              2.6         2.59         0.00    0.00  4   3.00
  1  9  3  42.14  84.27   1.1490  0.7574   450.11   1  9  3      10.5              4.4        -4.40         0.00  180.00  4   3.00
  6  4 -2  42.15  84.30   1.1488  0.7577   450.31   6  4 -2      24.1              6.6        -6.64         0.00  180.00  4   3.00
  2  4  7  42.20  84.39   1.1477  0.7591   451.14   2  4  7       0.6              1.1         1.06         0.00    0.00  4   2.99
  5  3 -8  42.48  84.95   1.1416  0.7673   455.99   5  3 -8     100.8             13.6       -13.64         0.00  180.00  4   2.97
  1  7 -7  42.61  85.21   1.1388  0.7711   458.26   1  7 -7       6.1              3.3         3.35         0.00    0.00  4   2.96
  5  3  3  42.64  85.28   1.1381  0.7720   458.82   5  3  3      19.5              6.0         6.02         0.00    0.00  4   2.96
  1  7  6  42.64  85.29   1.1380  0.7722   458.93   1  7  6       0.3              0.7         0.68         0.00    0.00  4   2.96
  4  8 -2  42.79  85.57   1.1349  0.7764   461.42   4  8 -2      15.5              5.4        -5.37         0.00  180.00  4   2.95
  4  6 -7  42.79  85.58   1.1349  0.7764   461.42   4  6 -7      49.2              9.6        -9.56         0.00  180.00  4   2.95
  4  6  3  42.91  85.81   1.1324  0.7799   463.48   4  6  3       0.9              1.3        -1.29         0.00  180.00  4   2.95
  0 10  0  42.91  85.83   1.1322  0.7801   463.61   0 10  0       7.1              5.2        -5.16         0.00  180.00  2   2.95
  2  6 -8  42.92  85.85   1.1319  0.7805   463.81   2  6 -8       7.7              3.8        -3.80         0.00  180.00  4   2.94
  2  0 -10  42.95  85.89   1.1315  0.7811   464.19   2  0-10      17.8              8.2        -8.15         0.00  180.00  2   2.94
  6  4 -5  43.00  86.00   1.1304  0.7826   465.09   6  4 -5       8.9              4.1         4.08         0.00    0.00  4   2.94
  2  6  6  43.01  86.02   1.1302  0.7829   465.25   2  6  6      60.4             10.6        10.62         0.00    0.00  4   2.94
  2  0  8  43.05  86.11   1.1292  0.7842   466.04   2  0  8      23.1              9.3         9.30         0.00    0.00  2   2.94
  6  4 -1  43.07  86.14   1.1289  0.7847   466.32   6  4 -1       0.5              0.9        -0.94         0.00  180.00  4   2.94
  4  8 -3  43.08  86.15   1.1288  0.7849   466.44   4  8 -3      13.3              5.0        -4.99         0.00  180.00  4   2.94
  4  8 -1  43.10  86.20   1.1283  0.7856   466.85   4  8 -1       1.6              1.7        -1.73         0.00  180.00  4   2.93
  2  8 -6  43.18  86.36   1.1266  0.7879   468.22   2  8 -6      12.5              4.8         4.85         0.00    0.00  4   2.93
  0 10  1  43.21  86.43   1.1259  0.7889   468.84   0 10  1       4.4              2.9         2.86         0.00    0.00  4   2.93
  2  8  4  43.24  86.47   1.1254  0.7896   469.25   2  8  4       3.0              2.4        -2.36         0.00  180.00  4   2.93
  3  9 -2  43.25  86.49   1.1252  0.7899   469.40   3  9 -2      65.4             11.1       -11.08         0.00  180.00  4   2.92
  3  9 -1  43.25  86.51   1.1250  0.7901   469.55   3  9 -1      22.7              6.5         6.53         0.00    0.00  4   2.92
  6  2 -7  43.37  86.75   1.1225  0.7936   471.64   6  2 -7       1.1              1.5        -1.47         0.00  180.00  4   2.92
  6  2  1  43.52  87.03   1.1196  0.7978   474.11   6  2  1      62.1             10.8        10.83         0.00    0.00  4   2.91
  3  1 -10  43.52  87.03   1.1196  0.7978   474.12   3  1-10       0.1              0.4        -0.36         0.00  180.00  4   2.91
  3  1  7  43.67  87.33   1.1165  0.8022   476.74   3  1  7     174.2             18.2        18.15         0.00    0.00  4   2.90
1

  H  K  L  THETA  2THETA D VALUE  1/D**2 SIN2*1000  H  K  L INTENSITY         /F(HKL)/       A(HKL)      B(HKL) PHA.ANG. MULT   LPG

  3  7 -7  43.70  87.40   1.1159  0.8031   477.29   3  7 -7      70.2             11.5        11.53         0.00    0.00  4   2.90
  5  5 -7  43.74  87.49   1.1149  0.8045   478.08   5  5 -7      45.4              9.3        -9.28         0.00  180.00  4   2.90
  3  7  4  43.80  87.59   1.1139  0.8060   478.99   3  7  4      18.0              5.8         5.84         0.00    0.00  4   2.89
  3  9 -3  43.84  87.67   1.1130  0.8072   479.71   3  9 -3       3.1              2.4         2.42         0.00    0.00  4   2.89
  3  9  0  43.86  87.73   1.1125  0.8080   480.18   3  9  0      27.7              7.3        -7.25         0.00  180.00  4   2.89
  5  5  2  43.88  87.75   1.1122  0.8084   480.40   5  5  2      42.2              9.0        -8.96         0.00  180.00  4   2.89
  5  1 -9  43.94  87.87   1.1110  0.8101   481.45   5  1 -9       7.7              3.8        -3.82         0.00  180.00  4   2.88
  4  8 -4  43.96  87.93   1.1105  0.8110   481.94   4  8 -4      14.7              5.3        -5.29         0.00  180.00  4   2.88
  2  2 -10  44.01  88.02   1.1095  0.8123   482.74   2  2-10      11.4              4.7         4.65         0.00    0.00  4   2.88
  4  8  0  44.01  88.02   1.1095  0.8123   482.76   4  8  0       8.4              4.0        -4.01         0.00  180.00  4   2.88
  0 10  2  44.11  88.23   1.1075  0.8153   484.54   0 10  2      39.6              8.7        -8.69         0.00  180.00  4   2.87
  2  2  8  44.12  88.23   1.1074  0.8154   484.59   2  2  8       3.9              2.7         2.72         0.00    0.00  4   2.87
  5  1  4  44.13  88.26   1.1072  0.8158   484.79   5  1  4      26.1              7.1        -7.06         0.00  180.00  4   2.87
  0  8  6  44.15  88.30   1.1068  0.8163   485.13   0  8  6      14.4              5.2        -5.24         0.00  180.00  4   2.87
  5  7 -3  44.18  88.36   1.1061  0.8173   485.70   5  7 -3      74.7             11.9        11.95         0.00    0.00  4   2.87
  5  7 -2  44.20  88.39   1.1059  0.8177   485.96   5  7 -2       6.5              3.5        -3.53         0.00  180.00  4   2.87
  1  1 -10  44.24  88.49   1.1049  0.8191   486.80   1  1-10       0.2              0.6        -0.62         0.00  180.00  4   2.87
  1  1  9  44.30  88.60   1.1038  0.8208   487.77   1  1  9       3.1              2.5        -2.46         0.00  180.00  4   2.86
  6  4 -6  44.48  88.96   1.1002  0.8261   490.95   6  4 -6     120.3             15.2        15.21         0.00    0.00  4   2.85
  1  9 -5  44.52  89.03   1.0995  0.8272   491.57   1  9 -5      34.4              8.1        -8.13         0.00  180.00  4   2.85
  1  9  4  44.54  89.09   1.0990  0.8279   492.03   1  9  4       5.5              3.3         3.26         0.00    0.00  4   2.85
  6  4  0  44.59  89.17   1.0982  0.8292   492.80   6  4  0     117.8             15.1       -15.06         0.00  180.00  4   2.85
  4  4 -9  44.65  89.30   1.0969  0.8311   493.90   4  4 -9      14.4              5.3         5.27         0.00    0.00  4   2.85
  5  7 -4  44.77  89.53   1.0947  0.8345   495.91   5  7 -4      12.5              4.9        -4.92         0.00  180.00  4   2.84
  5  7 -1  44.81  89.62   1.0939  0.8358   496.68   5  7 -1      77.9             12.3        12.27         0.00    0.00  4   2.84
  4  4  5  44.82  89.63   1.0937  0.8359   496.78   4  4  5       0.2              0.7         0.66         0.00    0.00  4   2.84
  4  0 -10  44.89  89.77   1.0924  0.8380   498.03   4  0-10       1.7              2.5         2.53         0.00    0.00  2   2.83
  0  4  9  44.89  89.78   1.0923  0.8382   498.12   0  4  9       5.1              3.1         3.14         0.00    0.00  4   2.83
  6  0 -8  44.99  89.99   1.0903  0.8412   499.89   6  0 -8      30.9             11.0       -10.95         0.00  180.00  2   2.83
  3  9 -4  45.03  90.06   1.0897  0.8422   500.50   3  9 -4      13.1              5.0         5.03         0.00    0.00  4   2.83
  3  9  1  45.07  90.15   1.0888  0.8435   501.27   3  9  1      88.3             13.1       -13.10         0.00  180.00  4   2.82
  4  0  6  45.08  90.15   1.0888  0.8436   501.32   4  0  6       4.1              4.0         4.00         0.00    0.00  2   2.82
  3  5 -9  45.10  90.21   1.0883  0.8444   501.80   3  5 -9      27.5              7.3         7.31         0.00    0.00  4   2.82
  0  6  8  45.11  90.21   1.0882  0.8445   501.86   0  6  8       1.8              1.9         1.87         0.00    0.00  4   2.82
  6  0  2  45.17  90.34   1.0870  0.8464   502.98   6  0  2      12.7              7.0        -7.02         0.00  180.00  2   2.82
  1  5 -9  45.22  90.45   1.0860  0.8479   503.90   1  5 -9     140.2             16.5       -16.52         0.00  180.00  4   2.82
  3  5  6  45.24  90.47   1.0858  0.8483   504.11   3  5  6      14.3              5.3        -5.28         0.00  180.00  4   2.82
  1  5  8  45.27  90.55   1.0850  0.8494   504.78   1  5  8      88.1             13.1       -13.11         0.00  180.00  4   2.82
  2 10 -1  45.27  90.55   1.0850  0.8494   504.78   2 10 -1     181.0             18.8        18.78         0.00    0.00  4   2.82
  4  8 -5  45.45  90.91   1.0817  0.8546   507.90   4  8 -5       0.9              1.4         1.36         0.00    0.00  4   2.81
  4  8  1  45.52  91.05   1.0804  0.8567   509.14   4  8  1       3.8              2.7        -2.72         0.00  180.00  4   2.80
  2 10 -2  45.57  91.14   1.0796  0.8580   509.91   2 10 -2       0.9              1.4        -1.35         0.00  180.00  4   2.80
  2 10  0  45.58  91.16   1.0793  0.8584   510.12   2 10  0       7.5              3.8        -3.83         0.00  180.00  4   2.80
  7  1 -4  45.58  91.17   1.0793  0.8585   510.18   7  1 -4       1.1              1.5         1.46         0.00    0.00  4   2.80
  7  1 -3  45.60  91.21   1.0789  0.8591   510.54   7  1 -3       1.8              1.9         1.90         0.00    0.00  4   2.80
  0 10  3  45.61  91.23   1.0787  0.8594   510.71   0 10  3      38.5              8.7         8.68         0.00    0.00  4   2.80
  3  3-10  45.64  91.28   1.0782  0.8602   511.21   3  3-10       9.3              4.3         4.27         0.00    0.00  4   2.80
  3  3  7  45.79  91.58   1.0754  0.8646   513.83   3  3  7      58.9             10.8        10.76         0.00    0.00  4   2.79
  4  2 -10  45.95  91.90   1.0726  0.8692   516.57   4  2-10       5.7              3.3         3.35         0.00    0.00  4   2.78
  5  7 -5  45.95  91.90   1.0726  0.8693   516.59   5  7 -5       0.1              0.5        -0.49         0.00  180.00  4   2.78
  5  7  0  46.02  92.05   1.0712  0.8714   517.88   5  7  0      56.4             10.6        10.55         0.00    0.00  4   2.78
  6  2 -8  46.06  92.11   1.0707  0.8724   518.44   6  2 -8       1.6              1.8         1.80         0.00    0.00  4   2.78
  5  3 -9  46.06  92.12   1.0706  0.8725   518.54   5  3 -9       5.5              3.3        -3.29         0.00  180.00  4   2.78
  4  6 -8  46.08  92.15   1.0703  0.8730   518.79   4  6 -8       7.0              3.7        -3.70         0.00  180.00  4   2.78
  4  2  6  46.14  92.28   1.0692  0.8748   519.86   4  2  6       0.6              1.1        -1.09         0.00  180.00  4   2.78
  7  1 -5  46.16  92.33   1.0688  0.8755   520.29   7  1 -5     144.0             16.9       -16.87         0.00  180.00  4   2.78
  4  6  4  46.22  92.44   1.0678  0.8771   521.26   4  6  4      63.1             11.2        11.18         0.00    0.00  4   2.77
1

  H  K  L  THETA  2THETA D VALUE  1/D**2 SIN2*1000  H  K  L INTENSITY         /F(HKL)/       A(HKL)      B(HKL) PHA.ANG. MULT   LPG

  7  1 -2  46.22  92.45   1.0676  0.8773   521.37   7  1 -2       4.8              3.1         3.09         0.00    0.00  4   2.77
  6  2  2  46.23  92.47   1.0675  0.8776   521.52   6  2  2       0.1              0.5        -0.47         0.00  180.00  4   2.77
  5  3  4  46.25  92.51   1.0671  0.8782   521.88   5  3  4       8.9              4.2        -4.19         0.00  180.00  4   2.77
  0  0 10  46.34  92.68   1.0656  0.8807   523.38   0  0 10      78.8             17.7        17.67         0.00    0.00  2   2.77
  1  3 -10  46.37  92.74   1.0651  0.8815   523.88   1  3-10       5.9              3.4        -3.42         0.00  180.00  4   2.77
  1  3  9  46.43  92.85   1.0641  0.8832   524.86   1  3  9       0.0              0.1         0.12         0.00    0.00  4   2.76
  2 10 -3  46.46  92.92   1.0634  0.8843   525.51   2 10 -3      57.5             10.7        10.69         0.00    0.00  4   2.76
  2  8 -7  46.47  92.94   1.0632  0.8846   525.69   2  8 -7      66.3             11.5       -11.47         0.00  180.00  4   2.76
  2 10  1  46.49  92.97   1.0630  0.8850   525.92   2 10  1      16.4              5.7         5.70         0.00    0.00  4   2.76
  2  8  5  46.54  93.09   1.0620  0.8866   526.92   2  8  5      49.5              9.9        -9.93         0.00  180.00  4   2.76
  6  4 -7  46.56  93.13   1.0616  0.8872   527.27   6  4 -7       2.5              2.2        -2.22         0.00  180.00  4   2.76
  6  4  1  46.71  93.41   1.0592  0.8914   529.74   6  4  1       3.0              2.4        -2.44         0.00  180.00  4   2.75
  5  5 -8  46.73  93.46   1.0587  0.8921   530.17   5  5 -8       4.9              3.1        -3.11         0.00  180.00  4   2.75
  1  7 -8  46.80  93.61   1.0574  0.8943   531.48   1  7 -8      87.8             13.2       -13.24         0.00  180.00  4   2.75
  3  9 -5  46.82  93.64   1.0572  0.8948   531.74   3  9 -5       0.3              0.8         0.83         0.00    0.00  4   2.75
  1  7  7  46.85  93.70   1.0567  0.8956   532.25   1  7  7       0.3              0.8        -0.83         0.00  180.00  4   2.75
  3  9  2  46.88  93.76   1.0561  0.8966   532.82   3  9  2       0.2              0.6         0.63         0.00    0.00  4   2.75
  5  5  3  46.89  93.78   1.0559  0.8969   532.99   5  5  3     177.6             18.8       -18.84         0.00  180.00  4   2.75
  6  6 -3  47.15  94.30   1.0515  0.9044   537.49   6  6 -3     139.0             16.7        16.70         0.00    0.00  4   2.74
  2  4 -10  47.20  94.40   1.0506  0.9059   538.37   2  4-10     138.0             16.6        16.64         0.00    0.00  4   2.73
  3  7 -8  47.29  94.58   1.0491  0.9086   539.94   3  7 -8       2.0              2.0         1.99         0.00    0.00  4   2.73
  2  4  8  47.31  94.61   1.0488  0.9090   540.22   2  4  8     116.5             15.3       -15.30         0.00  180.00  4   2.73
  7  1 -6  47.34  94.69   1.0482  0.9101   540.86   7  1 -6      29.1              7.7        -7.65         0.00  180.00  4   2.73
  0  2 10  47.41  94.81   1.0472  0.9119   541.93   0  2 10      17.5              5.9         5.93         0.00    0.00  4   2.73
  3  7  5  47.41  94.81   1.0472  0.9119   541.95   3  7  5      18.4              6.1         6.08         0.00    0.00  4   2.73
  2  6 -9  47.42  94.84   1.0469  0.9124   542.22   2  6 -9       0.0              0.1         0.07         0.00    0.00  4   2.73
  6  6 -4  47.43  94.87   1.0467  0.9127   542.41   6  6 -4       0.0              0.3        -0.27         0.00  180.00  4   2.73
  7  1 -1  47.45  94.89   1.0465  0.9131   542.66   7  1 -1      14.8              5.5         5.46         0.00    0.00  4   2.72
  6  6 -2  47.47  94.94   1.0461  0.9138   543.03   6  6 -2       0.0              0.0         0.04         0.00    0.00  4   2.72
  1  9 -6  47.52  95.03   1.0453  0.9151   543.86   1  9 -6       4.8              3.1        -3.13         0.00  180.00  4   2.72
  2  6  7  47.52  95.03   1.0453  0.9152   543.86   2  6  7       4.8              3.1         3.11         0.00    0.00  4   2.72
  4  8 -6  47.54  95.09   1.0449  0.9159   544.33   4  8 -6      18.2              6.1         6.06         0.00    0.00  4   2.72
  1  9  5  47.55  95.10   1.0448  0.9161   544.42   1  9  5      31.5              8.0        -7.98         0.00  180.00  4   2.72
  4  8  2  47.64  95.28   1.0433  0.9187   545.98   4  8  2      30.5              7.8         7.85         0.00    0.00  4   2.72
  7  3 -4  47.71  95.42   1.0421  0.9209   547.27   7  3 -4      54.6             10.5       -10.50         0.00  180.00  4   2.72
  0 10  4  47.72  95.43   1.0420  0.9210   547.35   0 10  4      31.0              7.9         7.92         0.00    0.00  4   2.72
  7  3 -3  47.73  95.47   1.0417  0.9215   547.63   7  3 -3      10.0              4.5         4.50         0.00    0.00  4   2.71
  5  7 -6  47.74  95.48   1.0416  0.9217   547.74   5  7 -6       0.2              0.7        -0.67         0.00  180.00  4   2.71
  5  7  1  47.84  95.69   1.0399  0.9247   549.54   5  7  1       0.4              0.9        -0.93         0.00  180.00  4   2.71
  2 10 -4  47.96  95.92   1.0380  0.9281   551.58   2 10 -4      10.7              4.7        -4.67         0.00  180.00  4   2.71
  2 10  2  48.00  95.99   1.0374  0.9292   552.20   2 10  2      21.5              6.6         6.61         0.00    0.00  4   2.71
  0  8  7  48.05  96.10   1.0365  0.9308   553.17   0  8  7      18.4              6.1         6.10         0.00    0.00  4   2.70
  5  1 -10  48.13  96.25   1.0353  0.9330   554.47   5  1-10      29.6              7.8         7.76         0.00    0.00  4   2.70
  7  3 -5  48.29  96.59   1.0326  0.9379   557.38   7  3 -5      17.3              5.9        -5.93         0.00  180.00  4   2.70
  6  6 -5  48.32  96.64   1.0322  0.9386   557.81   6  6 -5      15.8              5.7         5.67         0.00    0.00  4   2.70
  5  1  5  48.35  96.70   1.0317  0.9395   558.32   5  1  5      14.1              5.3         5.35         0.00    0.00  4   2.70
  7  3 -2  48.36  96.71   1.0316  0.9397   558.45   7  3 -2     107.7             14.8       -14.81         0.00  180.00  4   2.69
  6  6 -1  48.39  96.78   1.0310  0.9407   559.04   6  6 -1       7.8              4.0         3.99         0.00    0.00  4   2.69
  3  1 -11  48.92  97.84   1.0227  0.9561   568.17   3  1-11       2.6              2.3        -2.31         0.00  180.00  4   2.68
  3  1  8  49.09  98.18   1.0201  0.9610   571.10   3  1  8       0.2              0.6         0.60         0.00    0.00  4   2.67
  7  1 -7  49.13  98.27   1.0194  0.9623   571.91   7  1 -7      25.7              7.3        -7.27         0.00  180.00  4   2.67
  4  4 -10  49.15  98.30   1.0191  0.9628   572.20   4  4-10       1.7              1.9        -1.87         0.00  180.00  4   2.67
  1 11 -1  49.17  98.34   1.0188  0.9634   572.54   1 11 -1       1.1              1.5        -1.54         0.00  180.00  4   2.67
  1 11  0  49.17  98.35   1.0188  0.9635   572.59   1 11  0      18.1              6.1        -6.09         0.00  180.00  4   2.67
  3  9 -6  49.22  98.45   1.0180  0.9650   573.46   3  9 -6       5.3              3.3         3.31         0.00    0.00  4   2.67
  6  4 -8  49.26  98.52   1.0175  0.9660   574.07   6  4 -8      28.1              7.6         7.60         0.00    0.00  4   2.67
  7  1  0  49.28  98.56   1.0171  0.9666   574.42   7  1  0      30.1              7.9         7.87         0.00    0.00  4   2.67
1

  H  K  L  THETA  2THETA D VALUE  1/D**2 SIN2*1000  H  K  L INTENSITY         /F(HKL)/       A(HKL)      B(HKL) PHA.ANG. MULT   LPG

  3  9  3  49.30  98.61   1.0168  0.9673   574.85   3  9  3       6.9              3.8        -3.76         0.00  180.00  4   2.67
  4  4  6  49.34  98.68   1.0162  0.9684   575.49   4  4  6       1.1              1.5        -1.50         0.00  180.00  4   2.67
  6  2 -9  49.35  98.71   1.0160  0.9687   575.70   6  2 -9     196.5             20.1        20.11         0.00    0.00  4   2.67
  6  4  2  49.44  98.88   1.0147  0.9712   577.16   6  4  2       0.1              0.5        -0.50         0.00  180.00  4   2.66
  7  3 -6  49.48  98.97   1.0140  0.9725   577.95   7  3 -6       0.3              0.8        -0.76         0.00  180.00  4   2.66
  6  2  3  49.57  99.14   1.0128  0.9750   579.40   6  2  3       4.8              3.1         3.14         0.00    0.00  4   2.66
  7  3 -1  49.59  99.18   1.0125  0.9755   579.75   7  3 -1      27.9              7.6         7.58         0.00    0.00  4   2.66
  2  2 -11  49.72  99.45   1.0104  0.9795   582.08   2  2-11      26.9              7.5         7.46         0.00    0.00  4   2.66
  1 11 -2  49.78  99.55   1.0097  0.9809   582.96   1 11 -2      78.2             12.7       -12.71         0.00  180.00  4   2.66
  1 11  1  49.78  99.57   1.0095  0.9812   583.11   1 11  1       8.5              4.2         4.19         0.00    0.00  4   2.66
  6  6 -6  49.82  99.63   1.0091  0.9821   583.67   6  6 -6      36.0              8.6        -8.62         0.00  180.00  4   2.66
  2  2  9  49.84  99.69   1.0087  0.9829   584.13   2  2  9      87.0             13.4        13.41         0.00    0.00  4   2.65
  3  5 -10  49.92  99.83   1.0076  0.9850   585.38   3  5-10      53.6             10.5        10.52         0.00    0.00  4   2.65
  6  6  0  49.92  99.85   1.0075  0.9852   585.52   6  6  0      11.9              5.0        -4.97         0.00  180.00  4   2.65
  4  6 -9  49.99  99.98   1.0065  0.9871   586.62   4  6 -9       2.9              2.5         2.47         0.00    0.00  4   2.65
