3.997000
3.997000
7.517000
90.000000
90.000000
90.000000
1.5418
  H  K  L  THETA  2THETA D VALUE  1/D**2 SIN2*1000  H  K  L INTENSITY         /F(HKL)/       A(HKL)      B(HKL) PHA.ANG. MULT   LPG

  0  0  1   5.89  11.77   7.5170  0.0177    10.52   0  0  1     619.0              1.6        -1.60         0.00  180.00  2  95.58
  0  0  2  11.84  23.67   3.7585  0.0708    42.07   0  0  2     484.5              2.8        -2.81         0.00  180.00  2  24.29
  1  0  1  12.62  25.23   3.5291  0.0803    47.72   1  0  1      27.1              0.4        -0.35         0.00  180.00  8  21.48
  1  1  0  15.83  31.66   2.8263  0.1252    74.40   1  1  0    1000.0              3.8        -3.76         0.00  180.00  4  13.97
  1  0  2  16.35  32.70   2.7381  0.1334    79.27   1  0  2     244.3              1.4        -1.35         0.00  180.00  8  13.15
  1  1  1  16.94  33.88   2.6455  0.1429    84.91   1  1  1       6.6              0.2         0.23         0.00    0.00  8  12.31
  0  0  3  17.92  35.84   2.5057  0.1593    94.66   0  0  3      21.7              0.9         0.88         0.00    0.00  2  11.10
  1  1  2  19.95  39.91   2.2589  0.1960   116.47   1  1  2     186.1              1.4         1.42         0.00    0.00  8   9.13
  1  0  3  21.29  42.58   2.1230  0.2219   131.85   1  0  3     304.6              1.9         1.92         0.00    0.00  8   8.14
  2  0  0  22.69  45.38   1.9985  0.2504   148.79   2  0  0     205.3              2.4        -2.36         0.00  180.00  4   7.28
  2  0  1  23.52  47.05   1.9314  0.2681   159.31   2  0  1     156.5              1.5         1.50         0.00    0.00  8   6.85
  0  0  4  24.22  48.44   1.8793  0.2832   168.28   0  0  4       0.8              0.2        -0.22         0.00  180.00  2   6.52
  1  1  3  24.28  48.56   1.8749  0.2845   169.05   1  1  3     297.0              2.1        -2.13         0.00  180.00  8   6.49
  2  0  2  25.90  51.81   1.7646  0.3212   190.86   2  0  2     410.1              2.6         2.64         0.00    0.00  8   5.82
  2  1  1  26.31  52.63   1.7390  0.3307   196.51   2  1  1      12.6              0.3         0.33         0.00    0.00 16   5.68
  1  0  4  26.96  53.91   1.7007  0.3458   205.48   1  0  4      36.4              0.8         0.81         0.00    0.00  8   5.46
  2  1  2  28.53  57.05   1.6142  0.3838   228.06   2  1  2     163.7              1.3         1.27         0.00    0.00 16   4.99
  1  1  4  29.51  59.03   1.5649  0.4083   242.68   1  1  4      49.9              1.0        -1.02         0.00  180.00  8   4.74
  2  0  3  29.56  59.13   1.5624  0.4097   243.45   2  0  3      32.6              0.8        -0.83         0.00  180.00  8   4.72
  0  0  5  30.85  61.70   1.5034  0.4424   262.93   0  0  5       8.7              0.9        -0.88         0.00  180.00  2   4.43
  2  1  3  31.99  63.98   1.4552  0.4722   280.65   2  1  3     277.4              1.8        -1.81         0.00  180.00 16   4.20
  2  2  0  33.06  66.12   1.4132  0.5008   297.59   2  2  0      99.7              2.2         2.22         0.00    0.00  4   4.01
  1  0  5  33.22  66.44   1.4072  0.5050   300.13   1  0  5     317.1              2.8        -2.80         0.00  180.00  8   3.98
  2  2  1  33.72  67.43   1.3888  0.5184   308.11   2  2  1      78.7              1.4        -1.41         0.00  180.00  8   3.90
  2  0  4  34.27  68.54   1.3690  0.5335   317.07   2  0  4       1.7              0.2         0.21         0.00    0.00  8   3.82
  1  1  5  35.51  71.01   1.3273  0.5676   337.33   1  1  5       4.1              0.3        -0.33         0.00  180.00  8   3.64
  2  2  2  35.65  71.30   1.3227  0.5715   339.66   2  2  2     225.1              2.5        -2.48         0.00  180.00  8   3.62
  3  0  1  35.99  71.98   1.3119  0.5810   345.31   3  0  1       3.5              0.3         0.31         0.00    0.00  8   3.58
  2  1  4  36.53  73.05   1.2952  0.5961   354.27   2  1  4      41.3              0.8        -0.76         0.00  180.00 16   3.51
  3  1  0  37.58  75.17   1.2640  0.6259   371.99   3  1  0     378.1              3.3         3.32         0.00    0.00  8   3.39
  3  0  2  37.87  75.74   1.2558  0.6341   376.86   3  0  2      48.6              1.2         1.20         0.00    0.00  8   3.36
  0  0  6  37.98  75.95   1.2528  0.6371   378.63   0  0  6       5.6              0.8        -0.82         0.00  180.00  2   3.35
  3  1  1  38.20  76.41   1.2465  0.6436   382.50   3  1  1       2.8              0.2        -0.20         0.00  180.00 16   3.33
  2  2  3  38.78  77.55   1.2309  0.6600   392.25   2  2  3      19.9              0.8         0.78         0.00    0.00  8   3.27
  2  0  5  39.92  79.83   1.2014  0.6928   411.73   2  0  5      22.0              0.8         0.83         0.00    0.00  8   3.17
  3  1  2  40.05  80.10   1.1980  0.6967   414.06   3  1  2     100.1              1.3        -1.25         0.00  180.00 16   3.16
  1  0  6  40.15  80.31   1.1955  0.6997   415.82   1  0  6      20.4              0.8         0.80         0.00    0.00  8   3.15
  3  0  3  40.94  81.89   1.1764  0.7226   429.44   3  0  3      89.8              1.7        -1.70         0.00  180.00  8   3.08
  2  1  5  42.07  84.14   1.1506  0.7554   448.93   2  1  5     421.6              2.6         2.63         0.00    0.00 16   3.00
  1  1  6  42.30  84.61   1.1453  0.7623   453.02   1  1  6       3.5              0.3        -0.34         0.00  180.00  8   2.98
  2  2  4  43.04  86.09   1.1294  0.7839   465.87   2  2  4       1.1              0.2        -0.20         0.00  180.00  8   2.94
  3  1  3  43.09  86.17   1.1285  0.7852   466.64   3  1  3     209.1              1.9         1.88         0.00    0.00 16   2.93
  3  2  1  44.66  89.32   1.0967  0.8314   494.10   3  2  1       4.9              0.3        -0.29         0.00  180.00 16   2.85
  3  0  4  45.18  90.35   1.0869  0.8465   503.07   3  0  4      14.6              0.7        -0.72         0.00  180.00  8   2.82
  0  0  7  45.88  91.76   1.0739  0.8672   515.35   0  0  7      16.1              1.5        -1.51         0.00  180.00  2   2.79
  3  2  2  46.47  92.94   1.0633  0.8845   525.65   3  2  2      70.5              1.1        -1.12         0.00  180.00 16   2.76
  2  0  6  46.57  93.14   1.0615  0.8875   527.42   2  0  6      16.4              0.8         0.77         0.00    0.00  8   2.76
  3  1  4  47.31  94.62   1.0488  0.9091   540.26   3  1  4      44.8              0.9         0.90         0.00    0.00 16   2.73
  1  0  7  48.02  96.03   1.0371  0.9298   552.55   1  0  7      90.7              1.8         1.82         0.00    0.00  8   2.71
  2  2  5  48.48  96.95   1.0297  0.9432   560.52   2  2  5      16.5              0.8        -0.78         0.00  180.00  8   2.69
  2  1  6  48.71  97.43   1.0259  0.9501   564.62   2  1  6      30.7              0.8        -0.75         0.00  180.00 16   2.68
  3  2  3  49.50  99.00   1.0138  0.9730   578.24   3  2  3     136.9              1.6         1.59         0.00    0.00 16   2.66
