15.566000
15.566000
3.821000
90.000000
90.000000
120.000000
1.5418
  H  K  L  THETA  2THETA D VALUE  1/D**2 SIN2*1000  H  K  L INTENSITY         /F(HKL)/       A(HKL)      B(HKL) PHA.ANG. MULT   LPG

  1  0  0   3.28   6.56  13.4806  0.0055     3.27   1  0  0       0.9              0.1         0.12         0.00    0.00  6 306.29
  1  1  0   5.68  11.37   7.7830  0.0165     9.81   1  1  0       1.7              0.3         0.28         0.00    0.00  6 102.43
  2  0  0   6.57  13.13   6.7403  0.0220    13.08   2  0  0       0.3              0.1         0.13         0.00    0.00  6  76.95
  2  1  0   8.70  17.40   5.0952  0.0385    22.89   2  1  0      25.8              1.7        -1.68         0.00  180.00  6  44.19
  1  2  0   8.70  17.40   5.0952  0.0385    22.89   1  2  0       2.4              0.5         0.52         0.00    0.00  6  44.19
  3  0  0   9.88  19.76   4.4935  0.0495    29.43   3  0  0       5.7              0.9        -0.89         0.00  180.00  6  34.49
  2  2  0  11.43  22.85   3.8915  0.0660    39.24   2  2  0       0.4              0.3        -0.27         0.00  180.00  6  26.00
  1  3  0  11.90  23.80   3.7388  0.0715    42.51   1  3  0       0.0              0.0        -0.02         0.00  180.00  6  24.04
  3  1  0  11.90  23.80   3.7388  0.0715    42.51   3  1  0       0.1              0.2        -0.17         0.00  180.00  6  24.04
  1  0  1  12.10  24.21   3.6762  0.0740    43.97   1  0  1       1.2              0.4        -0.36         0.00  180.00 12  23.26
  1  1  1  12.99  25.98   3.4299  0.0850    50.52   1  1  1       1.8              0.5         0.46         0.00    0.00 12  20.32
  4  0  0  13.22  26.45   3.3701  0.0880    52.32   4  0  0       0.9              0.5        -0.47         0.00  180.00  6  19.63
  2  0  1  13.41  26.82   3.3240  0.0905    53.79   2  0  1       1.8              0.5        -0.48         0.00  180.00 12  19.11
  2  3  0  14.43  28.87   3.0927  0.1046    62.13   2  3  0       1.2              0.6         0.58         0.00    0.00  6  16.62
  3  2  0  14.43  28.87   3.0927  0.1046    62.13   3  2  0       0.0              0.0        -0.02         0.00  180.00  6  16.62
  2  1  1  14.61  29.21   3.0569  0.1070    63.60   2  1  1       0.9              0.4         0.37         0.00    0.00 12  16.25
  1  2  1  14.61  29.21   3.0569  0.1070    63.60   1  2  1       0.2              0.2        -0.17         0.00  180.00 12  16.25
  4  1  0  15.19  30.38   2.9417  0.1156    68.68   4  1  0       3.5              1.1        -1.05         0.00  180.00  6  15.09
  1  4  0  15.19  30.38   2.9417  0.1156    68.68   1  4  0       5.2              1.3         1.29         0.00    0.00  6  15.09
  3  0  1  15.36  30.71   2.9109  0.1180    70.14   3  0  1       1.0              0.4        -0.40         0.00  180.00 12  14.79
  2  2  1  16.42  32.85   2.7264  0.1345    79.95   2  2  1       0.3              0.2        -0.24         0.00  180.00 12  13.04
  5  0  0  16.61  33.23   2.6961  0.1376    81.76   5  0  0       3.7              1.2        -1.18         0.00  180.00  6  12.76
  1  3  1  16.77  33.53   2.6723  0.1400    83.22   1  3  1      63.2              3.5         3.48         0.00    0.00 12  12.55
  3  1  1  16.77  33.53   2.6723  0.1400    83.22   3  1  1       8.8              1.3        -1.30         0.00  180.00 12  12.55
  3  3  0  17.29  34.57   2.5943  0.1486    88.30   3  3  0      12.1              2.2        -2.22         0.00  180.00  6  11.86
  4  2  0  17.61  35.23   2.5476  0.1541    91.57   4  2  0      24.4              3.2         3.20         0.00    0.00  6  11.46
  2  4  0  17.61  35.23   2.5476  0.1541    91.57   2  4  0      34.3              3.8         3.80         0.00    0.00  6  11.46
  4  0  1  17.76  35.52   2.5275  0.1565    93.03   4  0  1     142.1              5.5         5.51         0.00    0.00 12  11.29
  5  1  0  18.57  37.13   2.4212  0.1706   101.38   5  1  0      48.7              4.8         4.75         0.00    0.00  6  10.41
  1  5  0  18.57  37.13   2.4212  0.1706   101.38   1  5  0       0.0              0.1         0.11         0.00    0.00  6  10.41
  3  2  1  18.70  37.41   2.4039  0.1730   102.84   3  2  1    1000.0             15.3       -15.33         0.00  180.00 12  10.27
  2  3  1  18.70  37.41   2.4039  0.1730   102.84   2  3  1      73.8              4.2        -4.16         0.00  180.00 12  10.27
  1  4  1  19.31  38.63   2.3309  0.1841   109.38   1  4  1      18.3              2.1        -2.14         0.00  180.00 12   9.69
  4  1  1  19.31  38.63   2.3309  0.1841   109.38   4  1  1      75.8              4.3         4.34         0.00    0.00 12   9.69
  6  0  0  20.07  40.13   2.2468  0.1981   117.73   6  0  0      64.5              5.9        -5.87         0.00  180.00  6   9.04
  4  3  0  20.36  40.71   2.2162  0.2036   121.00   4  3  0       3.0              1.3        -1.29         0.00  180.00  6   8.82
  3  4  0  20.36  40.71   2.2162  0.2036   121.00   3  4  0       0.6              0.6        -0.58         0.00  180.00  6   8.82
  5  0  1  20.48  40.97   2.2029  0.2061   122.46   5  0  1       6.8              1.4         1.37         0.00    0.00 12   8.72
  5  2  0  20.92  41.85   2.1586  0.2146   127.54   5  2  0       2.9              1.3         1.30         0.00    0.00  6   8.39
  2  5  0  20.92  41.85   2.1586  0.2146   127.54   2  5  0     101.7              7.6        -7.64         0.00  180.00  6   8.39
  3  3  1  21.05  42.10   2.1464  0.2171   129.00   3  3  1      39.6              3.4         3.39         0.00    0.00 12   8.31
  2  4  1  21.33  42.65   2.1197  0.2226   132.27   2  4  1      56.8              4.1        -4.11         0.00  180.00 12   8.12
  4  2  1  21.33  42.65   2.1197  0.2226   132.27   4  2  1      14.7              2.1        -2.09         0.00  180.00 12   8.12
  6  1  0  22.02  44.05   2.0558  0.2366   140.62   6  1  0      12.4              2.8         2.80         0.00    0.00  6   7.67
  1  6  0  22.02  44.05   2.0558  0.2366   140.62   1  6  0       3.4              1.5         1.46         0.00    0.00  6   7.67
  5  1  1  22.14  44.29   2.0452  0.2391   142.08   5  1  1      32.3              3.2        -3.20         0.00  180.00 12   7.60
  1  5  1  22.14  44.29   2.0452  0.2391   142.08   1  5  1      47.5              3.9        -3.88         0.00  180.00 12   7.60
  4  4  0  23.34  46.68   1.9457  0.2641   156.97   4  4  0       4.1              1.7        -1.69         0.00  180.00  6   6.94
  6  0  1  23.46  46.91   1.9368  0.2666   158.43   6  0  1     217.8              8.7         8.74         0.00    0.00 12   6.88
  5  3  0  23.60  47.19   1.9258  0.2696   160.24   5  3  0      89.8              8.0         7.97         0.00    0.00  6   6.81
  3  5  0  23.60  47.19   1.9258  0.2696   160.24   3  5  0       0.5              0.6        -0.62         0.00  180.00  6   6.81
  7  0  0  23.60  47.19   1.9258  0.2696   160.24   7  0  0      30.8              4.7         4.67         0.00    0.00  6   6.81
  4  3  1  23.71  47.42   1.9171  0.2721   161.70   4  3  1      18.4              2.6         2.56         0.00    0.00 12   6.75
  3  4  1  23.71  47.42   1.9171  0.2721   161.70   3  4  1       3.1              1.1         1.06         0.00    0.00 12   6.75
  0  0  2  23.80  47.60   1.9105  0.2740   162.82   0  0  2     382.4             28.7       -28.71         0.00  180.00  2   6.71
  1  0  2  24.05  48.10   1.8916  0.2795   166.09   1  0  2       0.7              0.5         0.52         0.00    0.00 12   6.59
  2  5  1  24.22  48.43   1.8794  0.2831   168.24   2  5  1     176.6              8.1         8.08         0.00    0.00 12   6.52
1

  H  K  L  THETA  2THETA D VALUE  1/D**2 SIN2*1000  H  K  L INTENSITY         /F(HKL)/       A(HKL)      B(HKL) PHA.ANG. MULT   LPG

  5  2  1  24.22  48.43   1.8794  0.2831   168.24   5  2  1       0.0              0.1         0.12         0.00    0.00 12   6.52
  2  6  0  24.35  48.71   1.8694  0.2861   170.05   2  6  0      11.1              2.9        -2.89         0.00  180.00  6   6.45
  6  2  0  24.35  48.71   1.8694  0.2861   170.05   6  2  0       8.1              2.5         2.46         0.00    0.00  6   6.45
  1  1  2  24.55  49.10   1.8554  0.2905   172.63   1  1  2       0.4              0.4         0.36         0.00    0.00 12   6.37
  2  0  2  24.80  49.59   1.8381  0.2960   175.90   2  0  2       0.7              0.5         0.51         0.00    0.00 12   6.26
  6  1  1  25.20  50.41   1.8104  0.3051   181.33   6  1  1       2.5              1.0        -1.00         0.00  180.00 12   6.10
  1  6  1  25.20  50.41   1.8104  0.3051   181.33   1  6  1       4.3              1.3        -1.30         0.00  180.00 12   6.10
  2  1  2  25.53  51.05   1.7889  0.3125   185.71   2  1  2      11.9              2.2         2.19         0.00    0.00 12   5.97
  1  2  2  25.53  51.05   1.7889  0.3125   185.71   1  2  2       0.1              0.1         0.14         0.00    0.00 12   5.97
  7  1  0  25.58  51.16   1.7855  0.3137   186.40   7  1  0       4.6              1.9         1.93         0.00    0.00  6   5.95
  1  7  0  25.58  51.16   1.7855  0.3137   186.40   1  7  0     458.1             19.3        19.27         0.00    0.00  6   5.95
  3  0  2  26.01  52.01   1.7582  0.3235   192.25   3  0  2       5.1              1.5         1.46         0.00    0.00 12   5.79
  4  4  1  26.40  52.80   1.7339  0.3326   197.68   4  4  1      17.3              2.7         2.72         0.00    0.00 12   5.65
  4  5  0  26.53  53.06   1.7260  0.3357   199.49   4  5  0       0.2              0.4        -0.37         0.00  180.00  6   5.60
  5  4  0  26.53  53.06   1.7260  0.3357   199.49   5  4  0       0.4              0.6        -0.55         0.00  180.00  6   5.60
  3  5  1  26.63  53.27   1.7197  0.3381   200.95   3  5  1       1.0              0.7         0.67         0.00    0.00 12   5.57
  7  0  1  26.63  53.27   1.7197  0.3381   200.95   7  0  1      11.2              2.2        -2.21         0.00  180.00 12   5.57
  5  3  1  26.63  53.27   1.7197  0.3381   200.95   5  3  1     147.7              8.0        -8.00         0.00  180.00 12   5.57
  2  2  2  26.71  53.42   1.7150  0.3400   202.06   2  2  2       1.8              0.9         0.88         0.00    0.00 12   5.54
  1  3  2  26.94  53.89   1.7013  0.3455   205.33   1  3  2       0.9              0.6         0.64         0.00    0.00 12   5.46
  3  1  2  26.94  53.89   1.7013  0.3455   205.33   3  1  2       1.4              0.8         0.78         0.00    0.00 12   5.46
  6  3  0  26.99  53.99   1.6984  0.3467   206.03   6  3  0       0.9              0.9         0.88         0.00    0.00  6   5.45
  3  6  0  26.99  53.99   1.6984  0.3467   206.03   3  6  0       0.5              0.7        -0.66         0.00  180.00  6   5.45
  8  0  0  27.23  54.45   1.6851  0.3522   209.30   8  0  0       2.4              1.5         1.48         0.00    0.00  6   5.37
  6  2  1  27.33  54.66   1.6792  0.3546   210.76   6  2  1       5.9              1.6        -1.64         0.00  180.00 12   5.34
  2  6  1  27.33  54.66   1.6792  0.3546   210.76   2  6  1       9.6              2.1         2.08         0.00    0.00 12   5.34
  4  0  2  27.63  55.27   1.6620  0.3620   215.14   4  0  2       2.4              1.1         1.06         0.00    0.00 12   5.25
  7  2  0  27.91  55.82   1.6469  0.3687   219.11   7  2  0       3.8              1.9         1.88         0.00    0.00  6   5.16
  2  7  0  27.91  55.82   1.6469  0.3687   219.11   2  7  0      12.5              3.4        -3.42         0.00  180.00  6   5.16
  3  2  2  28.31  56.63   1.6254  0.3785   224.95   3  2  2       0.8              0.6         0.64         0.00    0.00 12   5.05
  2  3  2  28.31  56.63   1.6254  0.3785   224.95   2  3  2       0.0              0.1         0.08         0.00    0.00 12   5.05
  7  1  1  28.46  56.92   1.6176  0.3822   227.11   7  1  1       2.9              1.2         1.19         0.00    0.00 12   5.01
  1  7  1  28.46  56.92   1.6176  0.3822   227.11   1  7  1       0.6              0.5         0.51         0.00    0.00 12   5.01
  1  4  2  28.76  57.52   1.6022  0.3895   231.49   1  4  2       0.7              0.6        -0.59         0.00  180.00 12   4.93
  4  1  2  28.76  57.52   1.6022  0.3895   231.49   4  1  2       5.2              1.6         1.60         0.00    0.00 12   4.93
  1  8  0  29.25  58.50   1.5778  0.4017   238.73   1  8  0       3.9              2.0        -1.98         0.00  180.00  6   4.80
  8  1  0  29.25  58.50   1.5778  0.4017   238.73   8  1  0       0.0              0.2         0.18         0.00    0.00  6   4.80
  4  5  1  29.35  58.69   1.5730  0.4042   240.19   4  5  1       9.9              2.2         2.23         0.00    0.00 12   4.78
  5  4  1  29.35  58.69   1.5730  0.4042   240.19   5  4  1       8.8              2.1         2.10         0.00    0.00 12   4.78
  5  0  2  29.64  59.28   1.5588  0.4115   244.57   5  0  2       5.7              1.7         1.71         0.00    0.00 12   4.70
  5  5  0  29.69  59.37   1.5566  0.4127   245.27   5  5  0       0.3              0.6        -0.56         0.00  180.00  6   4.69
  3  6  1  29.78  59.57   1.5520  0.4152   246.73   3  6  1      25.9              3.7         3.66         0.00    0.00 12   4.67
  6  3  1  29.78  59.57   1.5520  0.4152   246.73   6  3  1       0.4              0.5        -0.46         0.00  180.00 12   4.67
  6  4  0  29.90  59.81   1.5463  0.4182   248.54   6  4  0       2.4              1.6         1.58         0.00    0.00  6   4.64
  4  6  0  29.90  59.81   1.5463  0.4182   248.54   4  6  0       3.6              1.9        -1.94         0.00  180.00  6   4.64
  8  0  1  30.00  60.00   1.5418  0.4207   250.00   8  0  1       1.8              1.0        -0.97         0.00  180.00 12   4.62
  3  3  2  30.07  60.15   1.5384  0.4225   251.11   3  3  2      13.7              2.7         2.68         0.00    0.00 12   4.60
  2  4  2  30.29  60.58   1.5285  0.4281   254.38   2  4  2      16.3              2.9        -2.94         0.00  180.00 12   4.55
  4  2  2  30.29  60.58   1.5285  0.4281   254.38   4  2  2      10.7              2.4        -2.38         0.00  180.00 12   4.55
  3  7  0  30.55  61.10   1.5167  0.4347   258.35   3  7  0       1.3              1.2        -1.16         0.00  180.00  6   4.49
  7  3  0  30.55  61.10   1.5167  0.4347   258.35   7  3  0       2.3              1.6         1.57         0.00    0.00  6   4.49
  2  7  1  30.64  61.29   1.5124  0.4372   259.81   2  7  1       9.7              2.3         2.28         0.00    0.00 12   4.47
  7  2  1  30.64  61.29   1.5124  0.4372   259.81   7  2  1       2.0              1.0         1.05         0.00    0.00 12   4.47
  5  1  2  30.93  61.86   1.4998  0.4446   264.20   5  1  2      26.8              3.8        -3.83         0.00  180.00 12   4.41
  1  5  2  30.93  61.86   1.4998  0.4446   264.20   1  5  2       0.5              0.5         0.50         0.00    0.00 12   4.41
  9  0  0  30.98  61.95   1.4978  0.4457   264.89   9  0  0       5.3              2.4         2.42         0.00    0.00  6   4.40
  8  2  0  31.61  63.22   1.4708  0.4622   274.70   8  2  0       2.3              1.6         1.62         0.00    0.00  6   4.27
1

  H  K  L  THETA  2THETA D VALUE  1/D**2 SIN2*1000  H  K  L INTENSITY         /F(HKL)/       A(HKL)      B(HKL) PHA.ANG. MULT   LPG

  2  8  0  31.61  63.22   1.4708  0.4622   274.70   2  8  0       2.9              1.8         1.81         0.00    0.00  6   4.27
  8  1  1  31.91  63.82   1.4583  0.4702   279.43   8  1  1      25.6              3.8        -3.82         0.00  180.00 12   4.22
  1  8  1  31.91  63.82   1.4583  0.4702   279.43   1  8  1      12.0              2.6        -2.62         0.00  180.00 12   4.22
  6  0  2  31.98  63.97   1.4554  0.4721   280.55   6  0  2      64.4              6.1         6.08         0.00    0.00 12   4.20
  4  3  2  32.19  64.38   1.4470  0.4776   283.82   4  3  2       5.6              1.8         1.81         0.00    0.00 12   4.16
  3  4  2  32.19  64.38   1.4470  0.4776   283.82   3  4  2       2.2              1.1         1.14         0.00    0.00 12   4.16
  5  5  1  32.33  64.66   1.4416  0.4812   285.97   5  5  1       1.7              1.0         0.99         0.00    0.00 12   4.14
  4  6  1  32.53  65.07   1.4334  0.4867   289.24   4  6  1      13.7              2.8        -2.84         0.00  180.00 12   4.10
  6  4  1  32.53  65.07   1.4334  0.4867   289.24   6  4  1     100.5              7.7         7.69         0.00    0.00 12   4.10
  2  5  2  32.61  65.21   1.4306  0.4886   290.36   2  5  2     101.5              7.7         7.74         0.00    0.00 12   4.09
  5  2  2  32.61  65.21   1.4306  0.4886   290.36   5  2  2       0.6              0.6        -0.62         0.00  180.00 12   4.09
  1  9  0  33.06  66.12   1.4131  0.5008   297.59   1  9  0       1.8              1.5        -1.48         0.00  180.00  6   4.01
  6  5  0  33.06  66.12   1.4131  0.5008   297.59   6  5  0      12.9              3.9         3.93         0.00    0.00  6   4.01
  5  6  0  33.06  66.12   1.4131  0.5008   297.59   5  6  0       3.1              1.9        -1.93         0.00  180.00  6   4.01
  9  1  0  33.06  66.12   1.4131  0.5008   297.59   9  1  0       1.3              1.3         1.27         0.00    0.00  6   4.01
  7  3  1  33.15  66.30   1.4097  0.5032   299.05   7  3  1       1.7              1.0        -1.01         0.00  180.00 12   3.99
  3  7  1  33.15  66.30   1.4097  0.5032   299.05   3  7  1      18.1              3.3         3.31         0.00    0.00 12   3.99
  6  1  2  33.43  66.85   1.3995  0.5106   303.44   6  1  2       6.6              2.0        -2.01         0.00  180.00 12   3.95
  1  6  2  33.43  66.85   1.3995  0.5106   303.44   1  6  2       1.0              0.8        -0.76         0.00  180.00 12   3.95
  7  4  0  33.47  66.94   1.3979  0.5118   304.13   7  4  0      17.0              4.6        -4.57         0.00  180.00  6   3.94
  4  7  0  33.47  66.94   1.3979  0.5118   304.13   4  7  0       0.0              0.2        -0.25         0.00  180.00  6   3.94
  9  0  1  33.56  67.12   1.3945  0.5142   305.59   9  0  1      13.0              2.8        -2.83         0.00  180.00 12   3.93
  2  8  1  34.17  68.33   1.3727  0.5307   315.41   2  8  1      16.7              3.2        -3.24         0.00  180.00 12   3.83
  8  2  1  34.17  68.33   1.3727  0.5307   315.41   8  2  1       6.7              2.1         2.05         0.00    0.00 12   3.83
  8  3  0  34.28  68.56   1.3687  0.5338   317.21   8  3  0       9.1              3.4        -3.39         0.00  180.00  6   3.82
  3  8  0  34.28  68.56   1.3687  0.5338   317.21   3  8  0      21.5              5.2        -5.21         0.00  180.00  6   3.82
  4  4  2  34.44  68.87   1.3632  0.5381   319.79   4  4  2       7.4              2.2         2.17         0.00    0.00 12   3.79
  5  3  2  34.64  69.28   1.3563  0.5436   323.06   5  3  2      73.3              6.9        -6.86         0.00  180.00 12   3.76
  3  5  2  34.64  69.28   1.3563  0.5436   323.06   3  5  2       2.1              1.2         1.17         0.00    0.00 12   3.76
  7  0  2  34.64  69.28   1.3563  0.5436   323.06   7  0  2      22.2              3.8        -3.77         0.00  180.00 12   3.76
 10  0  0  34.88  69.76   1.3481  0.5503   327.02  10  0  0      21.1              5.2        -5.23         0.00  180.00  6   3.73
  6  2  2  35.24  70.47   1.3362  0.5601   332.87   6  2  2       4.5              1.7        -1.71         0.00  180.00 12   3.68
  2  6  2  35.24  70.47   1.3362  0.5601   332.87   2  6  2      16.4              3.3         3.28         0.00    0.00 12   3.68
  2  9  0  35.48  70.95   1.3283  0.5668   336.84   2  9  0       1.0              1.1        -1.13         0.00  180.00  6   3.65
  9  2  0  35.48  70.95   1.3283  0.5668   336.84   9  2  0       2.4              1.8         1.77         0.00    0.00  6   3.65
  6  5  1  35.57  71.13   1.3254  0.5692   338.30   6  5  1       0.5              0.6         0.60         0.00    0.00 12   3.63
  5  6  1  35.57  71.13   1.3254  0.5692   338.30   5  6  1       5.5              1.9        -1.90         0.00  180.00 12   3.63
  9  1  1  35.57  71.13   1.3254  0.5692   338.30   9  1  1       5.4              1.9         1.90         0.00    0.00 12   3.63
  1  9  1  35.57  71.13   1.3254  0.5692   338.30   1  9  1       9.7              2.5        -2.54         0.00  180.00 12   3.63
  4  7  1  35.96  71.92   1.3128  0.5803   344.84   4  7  1       0.1              0.2         0.19         0.00    0.00 12   3.58
  7  4  1  35.96  71.92   1.3128  0.5803   344.84   7  4  1      18.3              3.5        -3.51         0.00  180.00 12   3.58
  1  7  2  36.22  72.45   1.3045  0.5876   349.22   1  7  2     446.3             17.4       -17.41         0.00  180.00 12   3.55
  7  1  2  36.22  72.45   1.3045  0.5876   349.22   7  1  2       2.2              1.2        -1.22         0.00  180.00 12   3.55
  6  6  0  36.46  72.92   1.2972  0.5943   353.19   6  6  0      13.5              4.3         4.30         0.00    0.00  6   3.52
  5  7  0  36.66  73.32   1.2912  0.5998   356.46   5  7  0       2.5              1.9         1.87         0.00    0.00  6   3.50
  7  5  0  36.66  73.32   1.2912  0.5998   356.46   7  5  0      19.4              5.2         5.17         0.00    0.00  6   3.50
  8  3  1  36.75  73.49   1.2886  0.6023   357.92   8  3  1       5.1              1.9        -1.88         0.00  180.00 12   3.49
  3  8  1  36.75  73.49   1.2886  0.6023   357.92   3  8  1      24.0              4.1         4.08         0.00    0.00 12   3.49
  5  4  2  37.01  74.01   1.2807  0.6096   362.30   5  4  2       1.7              1.1         1.10         0.00    0.00 12   3.46
  4  5  2  37.01  74.01   1.2807  0.6096   362.30   4  5  2       1.2              0.9         0.93         0.00    0.00 12   3.46
  1 10  0  37.05  74.10   1.2795  0.6108   363.00   1 10  0       1.4              1.4         1.42         0.00    0.00  6   3.45
 10  1  0  37.05  74.10   1.2795  0.6108   363.00  10  1  0       0.4              0.8         0.77         0.00    0.00  6   3.45
  8  4  0  37.24  74.49   1.2738  0.6163   366.27   8  4  0       5.9              2.9        -2.88         0.00  180.00  6   3.43
  4  8  0  37.24  74.49   1.2738  0.6163   366.27   4  8  0       0.0              0.0         0.02         0.00    0.00  6   3.43
 10  0  1  37.33  74.66   1.2713  0.6188   367.73  10  0  1      34.4              4.9         4.93         0.00    0.00 12   3.42
  3  6  2  37.40  74.79   1.2693  0.6206   368.84   3  6  2       2.0              1.2         1.20         0.00    0.00 12   3.41
  6  3  2  37.40  74.79   1.2693  0.6206   368.84   6  3  2       0.1              0.2        -0.25         0.00  180.00 12   3.41
1

  H  K  L  THETA  2THETA D VALUE  1/D**2 SIN2*1000  H  K  L INTENSITY         /F(HKL)/       A(HKL)      B(HKL) PHA.ANG. MULT   LPG

  1  0  3  37.44  74.88   1.2680  0.6219   369.61   1  0  3       0.1              0.3         0.31         0.00    0.00 12   3.41
  8  0  2  37.59  75.18   1.2637  0.6262   372.11   8  0  2       0.9              0.8        -0.80         0.00  180.00 12   3.39
  1  1  3  37.83  75.66   1.2569  0.6329   376.15   1  1  3       0.2              0.4        -0.40         0.00  180.00 12   3.37
  9  2  1  37.91  75.82   1.2546  0.6353   377.54   9  2  1      50.4              6.0         6.02         0.00    0.00 12   3.36
  2  9  1  37.91  75.82   1.2546  0.6353   377.54   2  9  1       0.3              0.5         0.48         0.00    0.00 12   3.36
  2  0  3  38.02  76.05   1.2515  0.6384   379.42   2  0  3       0.2              0.4         0.42         0.00    0.00 12   3.35
  2  7  2  38.17  76.34   1.2474  0.6427   381.92   2  7  2      19.6              3.8         3.77         0.00    0.00 12   3.33
  7  2  2  38.17  76.34   1.2474  0.6427   381.92   7  2  2       1.9              1.2        -1.18         0.00  180.00 12   3.33
  9  3  0  38.21  76.42   1.2463  0.6438   382.62   9  3  0       6.7              3.1         3.12         0.00    0.00  6   3.33
  3  9  0  38.21  76.42   1.2463  0.6438   382.62   3  9  0       5.9              2.9         2.92         0.00    0.00  6   3.33
  2  1  3  38.60  77.20   1.2356  0.6550   389.23   2  1  3       0.1              0.3        -0.32         0.00  180.00 12   3.29
  1  2  3  38.60  77.20   1.2356  0.6550   389.23   1  2  3       0.0              0.1         0.15         0.00    0.00 12   3.29
  6  6  1  38.87  77.75   1.2283  0.6628   393.89   6  6  1       4.6              1.8        -1.84         0.00  180.00 12   3.26
 11  0  0  38.98  77.96   1.2255  0.6658   395.70  11  0  0       2.5              1.9        -1.92         0.00  180.00  6   3.25
  3  0  3  38.98  77.97   1.2254  0.6660   395.77   3  0  3       0.2              0.4         0.35         0.00    0.00 12   3.25
  7  5  1  39.07  78.13   1.2232  0.6683   397.16   7  5  1       0.2              0.3         0.34         0.00    0.00 12   3.24
  5  7  1  39.07  78.13   1.2232  0.6683   397.16   5  7  1      69.5              7.2         7.19         0.00    0.00 12   3.24
  1  8  2  39.32  78.64   1.2166  0.6757   401.55   1  8  2       7.8              2.4         2.42         0.00    0.00 12   3.22
  8  1  2  39.32  78.64   1.2166  0.6757   401.55   8  1  2       0.2              0.4         0.41         0.00    0.00 12   3.22
 10  1  1  39.45  78.90   1.2133  0.6793   403.70  10  1  1       0.2              0.4        -0.38         0.00  180.00 12   3.21
  1 10  1  39.45  78.90   1.2133  0.6793   403.70   1 10  1       0.0              0.0        -0.01         0.00  180.00 12   3.21
  2 10  0  39.55  79.11   1.2106  0.6823   405.51   2 10  0       4.9              2.7        -2.73         0.00  180.00  6   3.20
 10  2  0  39.55  79.11   1.2106  0.6823   405.51  10  2  0       0.4              0.8        -0.75         0.00  180.00  6   3.20
  2  2  3  39.56  79.12   1.2105  0.6825   405.58   2  2  3       0.1              0.2         0.21         0.00    0.00 12   3.20
  8  4  1  39.64  79.28   1.2084  0.6848   406.97   8  4  1       1.3              1.0        -1.00         0.00  180.00 12   3.19
  4  8  1  39.64  79.28   1.2084  0.6848   406.97   4  8  1       0.1              0.2        -0.22         0.00  180.00 12   3.19
  5  5  2  39.70  79.41   1.2068  0.6867   408.09   5  5  2       1.6              1.1         1.09         0.00    0.00 12   3.19
  1  3  3  39.75  79.50   1.2056  0.6880   408.85   1  3  3      12.2              3.0        -3.04         0.00  180.00 12   3.18
  3  1  3  39.75  79.50   1.2056  0.6880   408.85   3  1  3       1.7              1.1         1.14         0.00    0.00 12   3.18
  6  4  2  39.89  79.79   1.2020  0.6922   411.36   6  4  2       1.1              0.9        -0.90         0.00  180.00 12   3.17
  4  6  2  39.89  79.79   1.2020  0.6922   411.36   4  6  2       7.5              2.4         2.38         0.00    0.00 12   3.17
  6  7  0  40.12  80.25   1.1962  0.6989   415.32   6  7  0       1.0              1.2        -1.23         0.00  180.00  6   3.15
  7  6  0  40.12  80.25   1.1962  0.6989   415.32   7  6  0       0.0              0.2        -0.19         0.00  180.00  6   3.15
  4  0  3  40.32  80.64   1.1914  0.7045   418.66   4  0  3      30.0              4.8        -4.80         0.00  180.00 12   3.13
  7  3  2  40.46  80.93   1.1879  0.7087   421.17   7  3  2       1.0              0.9        -0.90         0.00  180.00 12   3.12
  3  7  2  40.46  80.93   1.1879  0.7087   421.17   3  7  2       3.5              1.7         1.65         0.00    0.00 12   3.12
  5  8  0  40.50  81.01   1.1869  0.7099   421.86   5  8  0       1.8              1.7         1.69         0.00    0.00  6   3.12
  8  5  0  40.50  81.01   1.1869  0.7099   421.86   8  5  0      88.9             11.7       -11.73         0.00  180.00  6   3.12
  3  9  1  40.59  81.18   1.1848  0.7123   423.32   3  9  1       5.0              2.0        -1.97         0.00  180.00 12   3.11
  9  3  1  40.59  81.18   1.1848  0.7123   423.32   9  3  1      22.4              4.2        -4.16         0.00  180.00 12   3.11
  9  0  2  40.84  81.69   1.1788  0.7197   427.71   9  0  2       3.7              1.7        -1.69         0.00  180.00 12   3.09
  3  2  3  40.89  81.78   1.1777  0.7210   428.47   3  2  3     228.6             13.4        13.36         0.00    0.00 12   3.09
  2  3  3  40.89  81.78   1.1777  0.7210   428.47   2  3  3      16.9              3.6         3.63         0.00    0.00 12   3.09
 11  1  0  41.26  82.52   1.1689  0.7319   434.94  11  1  0       3.5              2.3         2.33         0.00    0.00  6   3.06
  9  4  0  41.26  82.52   1.1689  0.7319   434.94   9  4  0       0.0              0.1         0.08         0.00    0.00  6   3.06
  4  9  0  41.26  82.52   1.1689  0.7319   434.94   4  9  0       9.9              4.0         3.95         0.00    0.00  6   3.06
  1 11  0  41.26  82.52   1.1689  0.7319   434.94   1 11  0      17.7              5.3        -5.29         0.00  180.00  6   3.06
  1  4  3  41.27  82.53   1.1688  0.7320   435.02   1  4  3       4.4              1.9         1.86         0.00    0.00 12   3.06
  4  1  3  41.27  82.53   1.1688  0.7320   435.02   4  1  3      18.2              3.8        -3.79         0.00  180.00 12   3.06
 11  0  1  41.35  82.69   1.1670  0.7343   436.40  11  0  1       2.9              1.5         1.51         0.00    0.00 12   3.05
  2  8  2  41.41  82.82   1.1655  0.7362   437.52   2  8  2       1.6              1.1        -1.12         0.00  180.00 12   3.05
  8  2  2  41.41  82.82   1.1655  0.7362   437.52   8  2  2       1.1              0.9        -0.95         0.00  180.00 12   3.05
  2 10  1  41.91  83.82   1.1541  0.7508   446.22   2 10  1       2.3              1.4         1.37         0.00    0.00 12   3.01
 10  2  1  41.91  83.82   1.1541  0.7508   446.22  10  2  1       7.9              2.5        -2.51         0.00  180.00 12   3.01
  5  0  3  42.02  84.04   1.1516  0.7540   448.10   5  0  3       1.8              1.2        -1.20         0.00  180.00 12   3.00
 10  3  0  42.39  84.79   1.1434  0.7649   454.56  10  3  0       6.4              3.2         3.21         0.00    0.00  6   2.98
  3 10  0  42.39  84.79   1.1434  0.7649   454.56   3 10  0       4.4              2.7         2.67         0.00    0.00  6   2.98
1

  H  K  L  THETA  2THETA D VALUE  1/D**2 SIN2*1000  H  K  L INTENSITY         /F(HKL)/       A(HKL)      B(HKL) PHA.ANG. MULT   LPG

  3  3  3  42.40  84.79   1.1433  0.7650   454.64   3  3  3      10.8              3.0        -2.96         0.00  180.00 12   2.98
  6  7  1  42.48  84.95   1.1416  0.7674   456.03   6  7  1       1.9              1.2         1.24         0.00    0.00 12   2.97
  7  6  1  42.48  84.95   1.1416  0.7674   456.03   7  6  1       5.6              2.1         2.13         0.00    0.00 12   2.97
  2  4  3  42.59  85.17   1.1392  0.7705   457.91   2  4  3      15.8              3.6         3.58         0.00    0.00 12   2.97
  4  2  3  42.59  85.17   1.1392  0.7705   457.91   4  2  3       4.1              1.8         1.82         0.00    0.00 12   2.97
  6  5  2  42.73  85.46   1.1361  0.7747   460.41   6  5  2      11.9              3.1        -3.11         0.00  180.00 12   2.96
  5  6  2  42.73  85.46   1.1361  0.7747   460.41   5  6  2       6.8              2.4         2.36         0.00    0.00 12   2.96
  9  1  2  42.73  85.46   1.1361  0.7747   460.41   9  1  2       0.5              0.6        -0.63         0.00  180.00 12   2.96
  1  9  2  42.73  85.46   1.1361  0.7747   460.41   1  9  2       4.6              1.9         1.94         0.00    0.00 12   2.96
  8  5  1  42.85  85.71   1.1335  0.7784   462.57   8  5  1     280.6             15.1       -15.15         0.00  180.00 12   2.95
  5  8  1  42.85  85.71   1.1335  0.7784   462.57   5  8  1       6.6              2.3         2.32         0.00    0.00 12   2.95
  4  7  2  43.11  86.21   1.1281  0.7857   466.95   4  7  2       0.8              0.8         0.79         0.00    0.00 12   2.93
  7  4  2  43.11  86.21   1.1281  0.7857   466.95   7  4  2      28.3              4.8         4.82         0.00    0.00 12   2.93
  5  1  3  43.15  86.30   1.1272  0.7870   467.72   5  1  3       9.5              2.8         2.79         0.00    0.00 12   2.93
  1  5  3  43.15  86.30   1.1272  0.7870   467.72   1  5  3      13.9              3.4         3.39         0.00    0.00 12   2.93
 12  0  0  43.33  86.67   1.1234  0.7924   470.92  12  0  0       2.2              1.9        -1.90         0.00  180.00  6   2.92
 11  1  1  43.60  87.21   1.1178  0.8004   475.65  11  1  1      17.0              3.8        -3.76         0.00  180.00 12   2.90
  9  4  1  43.60  87.21   1.1178  0.8004   475.65   9  4  1       4.2              1.9        -1.86         0.00  180.00 12   2.90
  4  9  1  43.60  87.21   1.1178  0.8004   475.65   4  9  1      24.7              4.5        -4.53         0.00  180.00 12   2.90
  1 11  1  43.60  87.21   1.1178  0.8004   475.65   1 11  1      13.5              3.4        -3.35         0.00  180.00 12   2.90
  8  3  2  43.86  87.71   1.1127  0.8077   480.03   8  3  2      16.6              3.7         3.72         0.00    0.00 12   2.89
  3  8  2  43.86  87.71   1.1127  0.8077   480.03   3  8  2      35.2              5.4         5.42         0.00    0.00 12   2.89
  7  7  0  43.90  87.79   1.1119  0.8089   480.73   7  7  0       2.6              2.1        -2.09         0.00  180.00  6   2.89
 11  2  0  43.90  87.79   1.1119  0.8089   480.73  11  2  0       0.0              0.3        -0.25         0.00  180.00  6   2.89
  2 11  0  43.90  87.79   1.1119  0.8089   480.73   2 11  0      77.3             11.4        11.36         0.00    0.00  6   2.89
  6  8  0  44.08  88.17   1.1081  0.8144   484.00   6  8  0       8.7              3.8         3.82         0.00    0.00  6   2.88
  8  6  0  44.08  88.17   1.1081  0.8144   484.00   8  6  0       3.6              2.4         2.44         0.00    0.00  6   2.88
  6  0  3  44.09  88.17   1.1080  0.8145   484.07   6  0  3      69.2              7.6        -7.62         0.00  180.00 12   2.88
  4  3  3  44.27  88.55   1.1043  0.8200   487.34   4  3  3       5.9              2.2        -2.23         0.00  180.00 12   2.87
  3  4  3  44.27  88.55   1.1043  0.8200   487.34   3  4  3       1.0              0.9        -0.92         0.00  180.00 12   2.87
 10  0  2  44.42  88.84   1.1015  0.8243   489.84  10  0  2      35.0              5.4         5.43         0.00    0.00 12   2.86
  9  5  0  44.65  89.29   1.0970  0.8309   493.81   9  5  0       0.0              0.1        -0.10         0.00  180.00  6   2.85
  5  9  0  44.65  89.29   1.0970  0.8309   493.81   5  9  0       3.9              2.6         2.58         0.00    0.00  6   2.85
  2  5  3  44.65  89.30   1.0970  0.8310   493.88   2  5  3      58.6              7.0        -7.05         0.00  180.00 12   2.85
  5  2  3  44.65  89.30   1.0970  0.8310   493.88   5  2  3       0.0              0.1        -0.10         0.00  180.00 12   2.85
 10  3  1  44.73  89.46   1.0954  0.8334   495.27  10  3  1       8.1              2.6        -2.62         0.00  180.00 12   2.84
  3 10  1  44.73  89.46   1.0954  0.8334   495.27   3 10  1       6.3              2.3        -2.31         0.00  180.00 12   2.84
  9  2  2  44.98  89.96   1.0906  0.8408   499.65   9  2  2       1.4              1.1        -1.10         0.00  180.00 12   2.83
  2  9  2  44.98  89.96   1.0906  0.8408   499.65   2  9  2       3.0              1.6         1.61         0.00    0.00 12   2.83
  6  1  3  45.40  90.80   1.0827  0.8531   506.96   6  1  3       0.9              0.9         0.87         0.00    0.00 12   2.81
  1  6  3  45.40  90.80   1.0827  0.8531   506.96   1  6  3       1.5              1.1         1.13         0.00    0.00 12   2.81
  4 10  0  45.58  91.16   1.0793  0.8584   510.16   4 10  0       0.1              0.5        -0.49         0.00  180.00  6   2.80
 10  4  0  45.58  91.16   1.0793  0.8584   510.16  10  4  0       6.2              3.3        -3.27         0.00  180.00  6   2.80
 12  0  1  45.67  91.33   1.0778  0.8609   511.62  12  0  1      16.8              3.8         3.81         0.00    0.00 12   2.80
  1 12  0  45.77  91.54   1.0759  0.8639   513.43   1 12  0      14.0              4.9        -4.92         0.00  180.00  6   2.79
 12  1  0  45.77  91.54   1.0759  0.8639   513.43  12  1  0       2.7              2.2         2.16         0.00    0.00  6   2.79
  6  6  2  45.92  91.83   1.0732  0.8683   516.00   6  6  2      13.9              3.5        -3.47         0.00  180.00 12   2.79
  7  5  2  46.10  92.21   1.0698  0.8738   519.27   7  5  2      21.1              4.3        -4.28         0.00  180.00 12   2.78
  5  7  2  46.10  92.21   1.0698  0.8738   519.27   5  7  2       1.7              1.2        -1.20         0.00  180.00 12   2.78
  2 11  1  46.23  92.46   1.0676  0.8774   521.43   2 11  1       1.5              1.1        -1.13         0.00  180.00 12   2.77
  7  7  1  46.23  92.46   1.0676  0.8774   521.43   7  7  1       0.1              0.2         0.25         0.00    0.00 12   2.77
 11  2  1  46.23  92.46   1.0676  0.8774   521.43  11  2  1      12.3              3.3         3.27         0.00    0.00 12   2.77
  4  4  3  46.34  92.67   1.0657  0.8806   523.31   4  4  3       6.4              2.4        -2.37         0.00  180.00 12   2.77
  8  6  1  46.42  92.83   1.0642  0.8829   524.70   8  6  1       3.2              1.7         1.68         0.00    0.00 12   2.76
  6  8  1  46.42  92.83   1.0642  0.8829   524.70   6  8  1      11.7              3.2        -3.19         0.00  180.00 12   2.76
  1 10  2  46.48  92.96   1.0631  0.8848   525.82   1 10  2       0.7              0.8        -0.78         0.00  180.00 12   2.76
 10  1  2  46.48  92.96   1.0631  0.8848   525.82  10  1  2       0.0              0.2        -0.18         0.00  180.00 12   2.76
1

  H  K  L  THETA  2THETA D VALUE  1/D**2 SIN2*1000  H  K  L INTENSITY         /F(HKL)/       A(HKL)      B(HKL) PHA.ANG. MULT   LPG

  5  3  3  46.52  93.05   1.0623  0.8861   526.58   5  3  3      55.7              7.0         6.98         0.00    0.00 12   2.76
  3  5  3  46.52  93.05   1.0623  0.8861   526.58   3  5  3       0.4              0.6        -0.58         0.00  180.00 12   2.76
  7  0  3  46.52  93.05   1.0623  0.8861   526.58   7  0  3       4.2              1.9         1.92         0.00    0.00 12   2.76
  4  8  2  46.67  93.33   1.0598  0.8903   529.09   4  8  2       0.3              0.5         0.53         0.00    0.00 12   2.75
  8  4  2  46.67  93.33   1.0598  0.8903   529.09   8  4  2      12.0              3.2         3.24         0.00    0.00 12   2.75
  3 11  0  46.90  93.79   1.0559  0.8970   533.05   3 11  0      15.7              5.2         5.25         0.00    0.00  6   2.75
 11  3  0  46.90  93.79   1.0559  0.8970   533.05  11  3  0       0.0              0.2         0.17         0.00    0.00  6   2.75
  9  5  1  46.98  93.96   1.0544  0.8994   534.51   9  5  1       1.2              1.0        -1.01         0.00  180.00 12   2.74
  5  9  1  46.98  93.96   1.0544  0.8994   534.51   5  9  1       4.5              2.0        -1.99         0.00  180.00 12   2.74
  6  2  3  47.09  94.17   1.0526  0.9026   536.39   6  2  3       2.3              1.4         1.43         0.00    0.00 12   2.74
  2  6  3  47.09  94.17   1.0526  0.9026   536.39   2  6  3       3.7              1.8        -1.81         0.00  180.00 12   2.74
  9  3  2  47.61  95.21   1.0438  0.9178   545.44   9  3  2       6.4              2.4        -2.37         0.00  180.00 12   2.72
  3  9  2  47.61  95.21   1.0438  0.9178   545.44   3  9  2       5.4              2.2        -2.18         0.00  180.00 12   2.72
  4 10  1  47.92  95.84   1.0387  0.9269   550.86   4 10  1      13.0              3.4         3.40         0.00    0.00 12   2.71
 10  4  1  47.92  95.84   1.0387  0.9269   550.86  10  4  1       2.5              1.5        -1.48         0.00  180.00 12   2.71
 13  0  0  48.02  96.05   1.0370  0.9300   552.67  13  0  0       6.0              3.3         3.27         0.00    0.00  6   2.71
  8  7  0  48.02  96.05   1.0370  0.9300   552.67   8  7  0       7.1              3.6         3.56         0.00    0.00  6   2.71
  7  8  0  48.02  96.05   1.0370  0.9300   552.67   7  8  0       0.8              1.2         1.17         0.00    0.00  6   2.71
  1  7  3  48.03  96.06   1.0369  0.9301   552.74   1  7  3       0.2              0.4        -0.45         0.00  180.00 12   2.71
  7  1  3  48.03  96.06   1.0369  0.9301   552.74   7  1  3       1.2              1.0        -1.04         0.00  180.00 12   2.71
 12  1  1  48.11  96.22   1.0356  0.9324   554.13  12  1  1       2.6              1.5        -1.51         0.00  180.00 12   2.70
  1 12  1  48.11  96.22   1.0356  0.9324   554.13   1 12  1       1.0              0.9        -0.95         0.00  180.00 12   2.70
 11  0  2  48.36  96.72   1.0315  0.9398   558.52  11  0  2       6.1              2.3         2.33         0.00    0.00 12   2.69
  6  9  0  48.40  96.80   1.0309  0.9410   559.21   6  9  0       1.9              1.8         1.84         0.00    0.00  6   2.69
  9  6  0  48.40  96.80   1.0309  0.9410   559.21   9  6  0      21.6              6.2         6.22         0.00    0.00  6   2.69
  2 12  0  48.59  97.18   1.0279  0.9465   562.48   2 12  0       0.9              1.2        -1.24         0.00  180.00  6   2.69
 12  2  0  48.59  97.18   1.0279  0.9465   562.48  12  2  0       1.8              1.8         1.77         0.00    0.00  6   2.69
  5  4  3  48.78  97.56   1.0248  0.9521   565.83   5  4  3       3.7              1.8        -1.83         0.00  180.00 12   2.68
  4  5  3  48.78  97.56   1.0248  0.9521   565.83   4  5  3       4.2              1.9        -1.95         0.00  180.00 12   2.68
  2 10  2  48.93  97.85   1.0226  0.9563   568.33   2 10  2      10.5              3.1         3.08         0.00    0.00 12   2.68
 10  2  2  48.93  97.85   1.0226  0.9563   568.33  10  2  2       1.7              1.2         1.23         0.00    0.00 12   2.68
 10  5  0  49.16  98.31   1.0190  0.9630   572.29  10  5  0       4.7              2.9        -2.91         0.00  180.00  6   2.67
  5 10  0  49.16  98.31   1.0190  0.9630   572.29   5 10  0       1.6              1.7         1.69         0.00    0.00  6   2.67
  3  6  3  49.16  98.32   1.0190  0.9631   572.37   3  6  3      11.3              3.2        -3.19         0.00  180.00 12   2.67
  6  3  3  49.16  98.32   1.0190  0.9631   572.37   6  3  3       0.2              0.4         0.41         0.00    0.00 12   2.67
  3 11  1  49.24  98.48   1.0177  0.9655   573.75   3 11  1       0.7              0.8        -0.78         0.00  180.00 12   2.67
 11  3  1  49.24  98.48   1.0177  0.9655   573.75  11  3  1      36.2              5.7         5.72         0.00    0.00 12   2.67
  8  0  3  49.35  98.70   1.0161  0.9686   575.64   8  0  3       0.8              0.8         0.84         0.00    0.00 12   2.67
  7  6  2  49.50  98.99   1.0139  0.9728   578.14   7  6  2       0.6              0.7         0.71         0.00    0.00 12   2.66
  6  7  2  49.50  98.99   1.0139  0.9728   578.14   6  7  2       3.1              1.7         1.68         0.00    0.00 12   2.66
  5  8  2  49.88  99.75   1.0082  0.9838   584.68   5  8  2       1.2              1.0        -1.05         0.00  180.00 12   2.65
  8  5  2  49.88  99.75   1.0082  0.9838   584.68   8  5  2     145.0             11.5        11.48         0.00    0.00 12   2.65
  7  2  3  49.92  99.84   1.0075  0.9851   585.45   7  2  3       0.9              0.9        -0.91         0.00  180.00 12   2.65
  2  7  3  49.92  99.84   1.0075  0.9851   585.45   2  7  3       4.4              2.0        -1.99         0.00  180.00 12   2.65
