5.553
7.955
5.561
90
90
90
1.5418
H  K  L  THETA  2THETA D VALUE  1/D**2 SIN2*1000  H  K  L INTENSITY         /F(HKL)/       A(HKL)      B(HKL) PHA.ANG. MULT   LPG

0  1  1  15.49  30.99   4.4924  0.0495    71.35   0  1  1     115.8              1.7         1.69         0.00    0.00  4  14.54
1  0  1  17.53  35.06   3.9836  0.0630    90.74   1  0  1     182.2              2.4         2.37         0.00    0.00  4  11.56
0  2  0  18.18  36.36   3.8465  0.0676    97.33   0  2  0     127.9              2.9        -2.91         0.00  180.00  2  10.81
1  1  1  19.83  39.66   3.5375  0.0799   115.07   1  1  1      53.5              1.0        -1.02         0.00  180.00  8   9.24
2  0  0  24.72  49.44   2.8695  0.1214   174.88   2  0  0       0.2              0.1        -0.14         0.00  180.00  2   6.29
1  2  1  25.70  51.40   2.7671  0.1306   188.07   1  2  1      36.4              1.1         1.05         0.00    0.00  8   5.90
0  0  2  25.70  51.40   2.7670  0.1306   188.08   0  0  2      57.8              2.6        -2.65         0.00  180.00  2   5.90
2  1  0  26.51  53.02   2.6886  0.1383   199.22   2  1  0       3.2              0.4        -0.45         0.00  180.00  4   5.61
2  0  1  28.10  56.21   2.5474  0.1541   221.90   2  0  1      38.2              1.6        -1.63         0.00  180.00  4   5.11
1  0  2  28.78  57.56   2.4924  0.1610   231.80   1  0  2       9.9              0.8        -0.85         0.00  180.00  4   4.92
2  1  1  29.75  59.50   2.4183  0.1710   246.24   2  1  1       3.9              0.4        -0.38         0.00  180.00  8   4.68
1  1  2  30.40  60.81   2.3711  0.1779   256.13   1  1  2     491.1              4.4         4.40         0.00    0.00  8   4.53
0  3  1  31.05  62.10   2.3267  0.1847   266.00   0  3  1      58.7              2.2         2.19         0.00    0.00  4   4.39
2  2  0  31.45  62.90   2.3000  0.1890   272.21   2  2  0    1000.0              9.1        -9.11         0.00  180.00  4   4.31
0  2  2  32.29  64.58   2.2462  0.1982   285.41   0  2  2     768.0              8.1        -8.14         0.00  180.00  4   4.14
1  3  1  33.82  67.63   2.1562  0.2151   309.73   1  3  1      55.2              1.6         1.59         0.00    0.00  8   3.89
2  2  1  34.40  68.81   2.1239  0.2217   319.23   2  2  1     291.6              3.7        -3.70         0.00  180.00  8   3.80
1  2  2  35.01  70.02   2.0917  0.2286   329.13   1  2  2      64.7              1.8        -1.77         0.00  180.00  8   3.71
2  0  2  37.05  74.09   1.9918  0.2521   362.96   2  0  2     180.8              4.3         4.33         0.00    0.00  4   3.45
2  1  2  38.49  76.97   1.9282  0.2690   387.30   2  1  2      20.8              1.1        -1.06         0.00  180.00  8   3.30
0  4  0  38.60  77.21   1.9232  0.2704   389.31   0  4  0     191.6              6.5         6.46         0.00    0.00  2   3.29
2  3  0  38.87  77.75   1.9121  0.2735   393.87   2  3  0      76.0              2.9         2.89         0.00    0.00  4   3.26
3  0  1  41.58  83.17   1.8080  0.3059   440.51   3  0  1       3.3              0.6         0.63         0.00    0.00  4   3.03
2  3  1  41.61  83.21   1.8072  0.3062   440.89   2  3  1     102.0              2.5        -2.45         0.00  180.00  8   3.03
0  1  3  41.99  83.97   1.7938  0.3108   447.51   0  1  3       0.1              0.1         0.10         0.00    0.00  4   3.01
1  3  2  42.18  84.35   1.7873  0.3130   450.79   1  3  2     245.3              3.8        -3.83         0.00  180.00  8   2.99
2  2  2  42.72  85.44   1.7687  0.3196   460.29   2  2  2      22.5              1.2        -1.17         0.00  180.00  8   2.96
3  1  1  42.98  85.97   1.7601  0.3228   464.84   3  1  1     158.0              3.1        -3.10         0.00  180.00  8   2.94
1  0  3  43.10  86.20   1.7562  0.3242   466.90   1  0  3       0.2              0.1         0.15         0.00    0.00  4   2.93
1  4  1  43.86  87.71   1.7320  0.3334   480.05   1  4  1      72.5              2.1         2.12         0.00    0.00  8   2.89
1  1  3  44.50  89.00   1.7121  0.3411   491.23   1  1  3       4.7              0.5        -0.54         0.00  180.00  8   2.85
3  2  1  47.17  94.34   1.6363  0.3735   537.84   3  2  1      13.1              0.9         0.92         0.00    0.00  8   2.73
2  4  0  48.69  97.38   1.5976  0.3918   564.19   2  4  0      10.1              1.2         1.16         0.00    0.00  4   2.68
1  2  3  48.69  97.38   1.5975  0.3918   564.23   1  2  3      22.3              1.2         1.22         0.00    0.00  8   2.68
0  4  2  49.45  98.90   1.5792  0.4010   577.39   0  4  2       5.8              0.9        -0.88         0.00  180.00  4   2.66
3  0  2  49.69  99.39   1.5735  0.4039   581.57   3  0  2      29.2              2.0         1.98         0.00    0.00  4   2.66
2  3  2  49.72  99.43   1.5730  0.4041   581.95   2  3  2      21.8              1.2        -1.21         0.00  180.00  8   2.66
2  0  3  50.66 101.31   1.5517  0.4153   598.07   2  0  3     165.4              4.7         4.73         0.00    0.00  4   2.64
3  1  2  51.11 102.23   1.5416  0.4208   605.90   3  1  2     106.3              2.7         2.69         0.00    0.00  8   2.63
2  4  1  51.43 102.85   1.5349  0.4245   611.21   2  4  1       3.0              0.5        -0.46         0.00  180.00  8   2.62
1  4  2  52.01 104.02   1.5226  0.4313   621.11   1  4  2       1.0              0.3        -0.27         0.00  180.00  8   2.62
2  1  3  52.08 104.17   1.5211  0.4322   622.40   2  1  3      19.1              1.1         1.14         0.00    0.00  8   2.61
0  3  3  53.26 106.52   1.4975  0.4459   642.17   0  3  3      77.7              3.3        -3.27         0.00  180.00  4   2.60
0  5  1  54.05 108.10   1.4824  0.4551   655.31   0  5  1     136.6              4.3         4.33         0.00    0.00  4   2.60
3  3  1  54.30 108.60   1.4777  0.4580   659.49   3  3  1     105.6              2.7         2.69         0.00    0.00  8   2.60
3  2  2  55.48 110.96   1.4564  0.4715   678.90   3  2  2       6.4              0.7        -0.66         0.00  180.00  8   2.60
1  3  3  55.91 111.83   1.4490  0.4763   685.89   1  3  3      18.4              1.1        -1.12         0.00  180.00  8   2.60
2  2  3  56.50 113.00   1.4390  0.4829   695.39   2  2  3       0.9              0.2        -0.25         0.00  180.00  8   2.61
1  5  1  56.73 113.46   1.4353  0.4854   699.03   1  5  1       3.2              0.5        -0.47         0.00  180.00  8   2.61
4  0  0  56.76 113.52   1.4347  0.4858   699.54   4  0  0      13.9              2.0         1.95         0.00    0.00  2   2.61
4  1  0  58.30 116.60   1.4104  0.5027   723.87   4  1  0      43.3              2.4        -2.43         0.00  180.00  4   2.63
4  0  1  59.77 119.55   1.3888  0.5184   746.56   4  0  1     255.6              5.9         5.86         0.00    0.00  4   2.66

