8.137300
6.425000
10.628900
90.000000
97.620000
90.000000
1.5418
  H  K  L  THETA  2THETA D VALUE  1/D**2 SIN2*1000  H  K  L INTENSITY         /F(HKL)/       A(HKL)      B(HKL) PHA.ANG. MULT   LPG

  1  0 -1   6.45  12.91   6.8581  0.0213    12.64   1  0 -1    1000.0            283.0      -282.98         0.00  180.00  2  77.66
  1  0  1   7.35  14.69   6.0298  0.0275    16.35   1  0  1      27.1             53.1        53.13         0.00    0.00  2  59.70
  0  1  1   8.08  16.16   5.4854  0.0332    19.75   0  1  1      40.4             50.6       -50.57         0.00  180.00  4  49.16
  0  0  2   8.42  16.83   5.2675  0.0360    21.42   0  0  2      37.0             71.3       -71.29         0.00  180.00  2  45.22
  1  1  0   8.82  17.65   5.0254  0.0396    23.53   1  1  0     103.1             88.4        88.39         0.00    0.00  4  41.03
  1  1 -1   9.46  18.93   4.6888  0.0455    27.03   1  1 -1     265.7            152.5       152.47         0.00    0.00  4  35.53
  1  1  1  10.10  20.20   4.3968  0.0517    30.74   1  1  1     191.8            138.5      -138.53         0.00  180.00  4  31.07
  0  1  2  10.91  21.82   4.0735  0.0603    35.81   0  1  2     283.3            182.4       182.41         0.00    0.00  4  26.47
  2  0  0  11.02  22.04   4.0327  0.0615    36.54   2  0  0       0.2              7.5         7.49         0.00    0.00  2  25.92
  1  1 -2  11.72  23.43   3.7961  0.0694    41.24   1  1 -2       2.0             16.4        16.38         0.00    0.00  4  22.81
  1  1  2  12.74  25.49   3.4947  0.0819    48.66   1  1  2      44.9             85.5       -85.46         0.00  180.00  4  19.12
  2  0 -2  12.99  25.98   3.4291  0.0850    50.54   2  0 -2      13.3             67.0        67.01         0.00    0.00  2  18.36
  2  1  0  13.04  26.09   3.4156  0.0857    50.94   2  1  0     222.1            194.8       194.78         0.00    0.00  4  18.20
  1  0 -3  13.15  26.30   3.3884  0.0871    51.76   1  0 -3      24.3             91.9        91.92         0.00    0.00  2  17.89
  2  1 -1  13.26  26.51   3.3618  0.0885    52.58   2  1 -1      98.5            131.9      -131.92         0.00  180.00  4  17.59
  0  2  0  13.88  27.77   3.2125  0.0969    57.59   0  2  0     116.9            213.5      -213.55         0.00  180.00  2  15.95
  2  1  1  14.18  28.36   3.1471  0.1010    60.00   2  1  1       9.5             43.9        43.91         0.00    0.00  4  15.25
  0  1  3  14.49  28.98   3.0814  0.1053    62.59   0  1  3      78.1            129.1       129.11         0.00    0.00  4  14.57
  1  0  3  14.52  29.05   3.0740  0.1058    62.89   1  0  3     141.3            246.3       246.26         0.00    0.00  2  14.49
  0  2  1  14.53  29.06   3.0728  0.1059    62.94   0  2  1      78.4            129.8      -129.79         0.00  180.00  4  14.48
  2  1 -2  14.76  29.53   3.0252  0.1093    64.94   2  1 -2      34.2             87.2       -87.23         0.00  180.00  4  13.99
  2  0  2  14.81  29.63   3.0149  0.1100    65.38   2  0  2      46.8            144.8      -144.76         0.00  180.00  2  13.89
  1  1 -3  14.90  29.81   2.9971  0.1113    66.16   1  1 -3      26.7             77.9        77.87         0.00    0.00  4  13.71
  1  2  0  14.97  29.94   2.9845  0.1123    66.72   1  2  0      40.2             96.0        95.96         0.00    0.00  4  13.58
  1  2 -1  15.37  30.73   2.9092  0.1182    70.22   1  2 -1     100.9            156.3       156.35         0.00    0.00  4  12.84
  1  2  1  15.78  31.55   2.8352  0.1244    73.93   1  2  1      69.4            133.4       133.40         0.00    0.00  4  12.13
  1  1  3  16.14  32.28   2.7730  0.1301    77.29   1  1  3      99.9            164.0       164.02         0.00    0.00  4  11.55
  0  2  2  16.32  32.65   2.7427  0.1329    79.00   0  2  2       5.7             39.5        39.51         0.00    0.00  4  11.27
  2  1  2  16.41  32.81   2.7294  0.1342    79.78   2  1  2      61.0            130.4      -130.40         0.00  180.00  4  11.15
  3  0 -1  16.64  33.28   2.6919  0.1380    82.01   3  0 -1     128.7            272.1      -272.11         0.00  180.00  2  10.81
  1  2 -2  16.89  33.78   2.6531  0.1421    84.43   1  2 -2     147.7            209.5      -209.48         0.00  180.00  4  10.46
  0  0  4  17.02  34.04   2.6338  0.1442    85.67   0  0  4     100.0            245.7      -245.73         0.00  180.00  2  10.29
  2  1 -3  17.26  34.51   2.5987  0.1481    88.00   2  1 -3       2.2             25.9        25.93         0.00    0.00  4   9.99
  1  2  2  17.64  35.28   2.5437  0.1546    91.85   1  2  2      34.7            106.4       106.42         0.00    0.00  4   9.52
  3  0  1  17.77  35.54   2.5260  0.1567    93.14   3  0  1      79.7            230.1       230.06         0.00    0.00  2   9.37
  2  2  0  17.87  35.73   2.5127  0.1584    94.13   2  2  0       0.4             11.2       -11.16         0.00  180.00  4   9.26
  2  2 -1  18.03  36.05   2.4910  0.1612    95.77   2  2 -1      23.4             89.4       -89.45         0.00  180.00  4   9.08
  3  1 -1  18.09  36.18   2.4828  0.1622    96.41   3  1 -1     199.1            262.1      -262.10         0.00  180.00  4   9.01
  3  1  0  18.11  36.22   2.4801  0.1626    96.62   3  1  0       7.9             52.3       -52.25         0.00  180.00  4   8.99
  0  1  4  18.44  36.88   2.4370  0.1684   100.07   0  1  4     205.3            271.8      -271.84         0.00  180.00  4   8.64
  1  1 -4  18.60  37.21   2.4163  0.1713   101.79   1  1 -4      35.5            114.1      -114.09         0.00  180.00  4   8.47
  2  2  1  18.74  37.48   2.3998  0.1736   103.19   2  2  1      75.8            168.1      -168.09         0.00  180.00  4   8.34
  0  2  3  18.98  37.96   2.3703  0.1780   105.78   0  2  3       3.4             35.9        35.87         0.00    0.00  4   8.11
  3  1 -2  19.08  38.17   2.3577  0.1799   106.91   3  1 -2      39.7            124.2       124.16         0.00    0.00  4   8.01
  2  0 -4  19.13  38.26   2.3526  0.1807   107.38   2  0 -4      70.7            234.9      -234.95         0.00  180.00  2   7.97
  3  1  1  19.14  38.29   2.3508  0.1810   107.54   3  1  1       3.8             38.4       -38.41         0.00  180.00  4   7.95
  2  2 -2  19.20  38.40   2.3444  0.1819   108.13   2  2 -2      66.8            162.1      -162.14         0.00  180.00  4   7.90
  1  2 -3  19.31  38.62   2.3313  0.1840   109.35   1  2 -3      80.3            178.8      -178.84         0.00  180.00  4   7.80
  2  1  3  19.39  38.79   2.3216  0.1855   110.26   2  1  3       4.7             43.4        43.36         0.00    0.00  4   7.73
  3  0 -3  19.71  39.42   2.2860  0.1914   113.72   3  0 -3       8.5             84.2       -84.21         0.00  180.00  2   7.46
  1  1  4  19.97  39.94   2.2574  0.1962   116.62   1  1  4       3.7             39.8        39.83         0.00    0.00  4   7.24
  1  2  3  20.31  40.62   2.2210  0.2027   120.48   1  2  3      35.2            125.2      -125.25         0.00  180.00  4   6.97
  2  1 -4  20.42  40.85   2.2091  0.2049   121.77   2  1 -4      12.6             75.3       -75.27         0.00  180.00  4   6.89
  2  2  2  20.53  41.06   2.1984  0.2069   122.97   2  2  2      79.8            190.9       190.92         0.00    0.00  4   6.81
  3  1 -3  20.97  41.95   2.1538  0.2156   128.11   3  1 -3      48.4            152.2       152.21         0.00    0.00  4   6.49
  3  1  2  21.06  42.13   2.1450  0.2173   129.16   3  1  2      18.6             94.8       -94.76         0.00  180.00  4   6.43
  2  2 -3  21.24  42.47   2.1284  0.2208   131.19   2  2 -3      77.9            195.9       195.93         0.00    0.00  4   6.31

  H  K  L  THETA  2THETA D VALUE  1/D**2 SIN2*1000  H  K  L INTENSITY         /F(HKL)/       A(HKL)      B(HKL) PHA.ANG. MULT   LPG

  1  0 -5  21.45  42.90   2.1081  0.2250   133.73   1  0 -5       0.1             11.6       -11.61         0.00  180.00  2   6.17
  0  3  1  21.55  43.10   2.0987  0.2270   134.92   0  3  1      24.4            111.4       111.37         0.00    0.00  4   6.11
  2  0  4  21.73  43.46   2.0823  0.2306   137.05   2  0  4      19.0            140.2       140.24         0.00    0.00  2   6.00
  1  3  0  21.87  43.73   2.0699  0.2334   138.70   1  3  0      67.9            189.0      -189.01         0.00  180.00  4   5.91
  3  2 -1  21.94  43.88   2.0633  0.2349   139.60   3  2 -1       5.8             55.3        55.32         0.00    0.00  4   5.87
  3  2  0  21.96  43.91   2.0617  0.2352   139.81   3  2  0      31.9            130.1       130.11         0.00    0.00  4   5.86
  1  3 -1  22.15  44.31   2.0443  0.2393   142.20   1  3 -1       5.4             54.0       -54.05         0.00  180.00  4   5.74
  0  2  4  22.24  44.48   2.0368  0.2411   143.26   0  2  4       2.7             38.2        38.19         0.00    0.00  4   5.69
  1  2 -4  22.38  44.76   2.0247  0.2439   144.97   1  2 -4      19.9            105.0       105.02         0.00    0.00  4   5.61
  1  3  1  22.46  44.91   2.0181  0.2455   145.91   1  3  1       2.5             37.6       -37.58         0.00  180.00  4   5.57
  4  0  0  22.48  44.96   2.0164  0.2460   146.17   4  0  0      23.2            161.2      -161.19         0.00  180.00  2   5.56
  3  0  3  22.55  45.11   2.0099  0.2475   147.11   3  0  3       1.6             42.1       -42.06         0.00  180.00  2   5.51
  1  1 -5  22.64  45.27   2.0030  0.2492   148.12   1  1 -5      72.7            203.3      -203.31         0.00  180.00  4   5.47
  0  1  5  22.65  45.29   2.0021  0.2495   148.26   0  1  5       5.5             55.9       -55.85         0.00  180.00  4   5.46
  3  2 -2  22.79  45.59   1.9898  0.2526   150.10   3  2 -2       0.2             10.4        10.36         0.00    0.00  4   5.38
  3  2  1  22.84  45.69   1.9857  0.2536   150.73   3  2  1      45.0            161.7      -161.65         0.00  180.00  4   5.36
  0  3  2  22.87  45.73   1.9840  0.2541   150.98   0  3  2       1.7             31.5       -31.45         0.00  180.00  4   5.35
  2  1  4  22.90  45.81   1.9809  0.2548   151.45   2  1  4      25.1            121.1      -121.07         0.00  180.00  4   5.33
  1  0  5  22.97  45.94   1.9755  0.2562   152.27   1  0  5      24.6            170.0      -169.95         0.00  180.00  2   5.29
  4  0 -2  23.01  46.01   1.9725  0.2570   152.75   4  0 -2      61.6            269.6       269.62         0.00    0.00  2   5.27
  2  2  3  23.06  46.12   1.9680  0.2582   153.45   2  2  3      71.8            206.3       206.29         0.00    0.00  4   5.24
  1  3 -2  23.30  46.59   1.9492  0.2632   156.41   1  3 -2       2.0             34.9       -34.95         0.00  180.00  4   5.12
  4  1 -1  23.46  46.92   1.9363  0.2667   158.50   4  1 -1       1.5             30.1        30.15         0.00    0.00  4   5.04
  1  2  4  23.56  47.13   1.9284  0.2689   159.81   1  2  4      32.7            142.6      -142.60         0.00  180.00  4   4.99
  3  1 -4  23.58  47.16   1.9271  0.2693   160.03   3  1 -4       3.9             49.4       -49.41         0.00  180.00  4   4.99
  4  1  0  23.62  47.24   1.9238  0.2702   160.57   4  1  0      33.6            145.0       145.00         0.00    0.00  4   4.97
  3  1  3  23.70  47.39   1.9183  0.2718   161.50   3  1  3      73.6            215.5       215.51         0.00    0.00  4   4.93
  1  3  2  23.88  47.75   1.9046  0.2757   163.83   1  3  2      66.0            205.7       205.73         0.00    0.00  4   4.85
  2  2 -4  23.96  47.93   1.8980  0.2776   164.96   2  2 -4      27.6            133.7       133.68         0.00    0.00  4   4.81
  2  3  0  24.05  48.10   1.8915  0.2795   166.11   2  3  0       0.3             14.7       -14.73         0.00  180.00  4   4.77
  2  1 -5  24.06  48.13   1.8907  0.2798   166.25   2  1 -5       7.4             69.5        69.49         0.00    0.00  4   4.76
  1  1  5  24.10  48.19   1.8883  0.2805   166.67   1  1  5      27.8            135.0       134.99         0.00    0.00  4   4.75
  4  1 -2  24.13  48.26   1.8856  0.2813   167.15   4  1 -2      22.5            121.5       121.52         0.00    0.00  4   4.73
  2  3 -1  24.18  48.36   1.8822  0.2823   167.75   2  3 -1      78.6            227.7       227.73         0.00    0.00  4   4.71
  3  2 -3  24.45  48.90   1.8626  0.2882   171.30   3  2 -3       5.1             58.5        58.50         0.00    0.00  4   4.59
  3  2  2  24.53  49.06   1.8569  0.2900   172.35   3  2  2      50.7            186.0      -186.01         0.00  180.00  4   4.56
  4  1  1  24.60  49.21   1.8516  0.2917   173.34   4  1  1       6.8             68.3        68.33         0.00    0.00  4   4.53
  2  3  1  24.74  49.48   1.8419  0.2948   175.17   2  3  1      27.3            137.8      -137.82         0.00  180.00  4   4.47
  0  3  3  24.94  49.87   1.8285  0.2991   177.76   0  3  3      69.4            221.7      -221.70         0.00  180.00  4   4.39
  2  3 -2  25.11  50.22   1.8165  0.3031   180.11   2  3 -2       0.3             14.4       -14.41         0.00  180.00  4   4.32
  1  3 -3  25.20  50.41   1.8104  0.3051   181.33   1  3 -3       0.3             15.6        15.60         0.00    0.00  4   4.29
  4  0  2  25.28  50.57   1.8049  0.3070   182.43   4  0  2       0.0              7.0        -7.01         0.00  180.00  2   4.25
  4  1 -3  25.59  51.17   1.7851  0.3138   186.50   4  1 -3       6.4             69.2       -69.22         0.00  180.00  4   4.14
  3  0 -5  25.71  51.43   1.7767  0.3168   188.26   3  0 -5     102.3            394.3       394.25         0.00    0.00  2   4.09
  1  2 -5  25.94  51.87   1.7625  0.3219   191.31   1  2 -5       0.0              5.2         5.21         0.00    0.00  4   4.01
  0  2  5  25.95  51.90   1.7619  0.3221   191.45   0  2  5      18.5            119.9       119.89         0.00    0.00  4   4.01
  1  3  3  26.02  52.04   1.7572  0.3238   192.46   1  3  3       4.2             57.5       -57.54         0.00  180.00  4   3.98
  0  0  6  26.04  52.09   1.7558  0.3244   192.76   0  0  6      28.0            209.3       209.26         0.00    0.00  2   3.98
  2  2  4  26.18  52.36   1.7474  0.3275   194.64   2  2  4       2.1             40.8       -40.84         0.00  180.00  4   3.93
  2  3  2  26.20  52.40   1.7460  0.3280   194.95   2  3  2       2.2             41.8        41.84         0.00    0.00  4   3.92
  4  1  2  26.34  52.67   1.7376  0.3312   196.82   4  1  2      55.1            210.2      -210.20         0.00  180.00  4   3.88
  4  2 -1  26.69  53.37   1.7165  0.3394   201.69   4  2 -1      23.1            138.2      -138.16         0.00  180.00  4   3.76
  4  0 -4  26.72  53.44   1.7145  0.3402   202.17   4  0 -4       0.6             32.3        32.26         0.00    0.00  2   3.75
  3  1 -5  26.75  53.51   1.7124  0.3410   202.66   3  1 -5       1.0             29.1       -29.08         0.00  180.00  4   3.74
  2  3 -3  26.79  53.58   1.7103  0.3419   203.17   2  3 -3       2.5             45.3       -45.31         0.00  180.00  4   3.73
  3  2 -4  26.80  53.59   1.7101  0.3420   203.22   3  2 -4      13.7            106.9      -106.93         0.00  180.00  4   3.73
  2  1  5  26.80  53.61   1.7095  0.3422   203.35   2  1  5       4.1             58.4       -58.39         0.00  180.00  4   3.72

  H  K  L  THETA  2THETA D VALUE  1/D**2 SIN2*1000  H  K  L INTENSITY         /F(HKL)/       A(HKL)      B(HKL) PHA.ANG. MULT   LPG

  4  2  0  26.83  53.67   1.7078  0.3429   203.76   4  2  0       1.1             30.2       -30.20         0.00  180.00  4   3.72
  3  1  4  26.89  53.78   1.7045  0.3442   204.55   3  1  4      13.2            105.5       105.53         0.00    0.00  4   3.70
  3  2  3  26.90  53.80   1.7039  0.3444   204.69   3  2  3      15.8            115.2       115.15         0.00    0.00  4   3.69
  1  1 -6  26.93  53.87   1.7019  0.3452   205.17   1  1 -6       2.9             49.7        49.71         0.00    0.00  4   3.68
  2  0 -6  27.07  54.13   1.6942  0.3484   207.05   2  0 -6       1.8             55.6        55.57         0.00    0.00  2   3.64
  0  1  6  27.07  54.15   1.6937  0.3486   207.16   0  1  6       2.0             41.8       -41.81         0.00  180.00  4   3.64
  2  2 -5  27.24  54.47   1.6845  0.3524   209.44   2  2 -5      11.7            100.8      -100.80         0.00  180.00  4   3.59
  1  2  5  27.26  54.53   1.6828  0.3531   209.86   1  2  5       0.9             27.8       -27.82         0.00  180.00  4   3.58
  4  2 -2  27.30  54.60   1.6809  0.3539   210.33   4  2 -2      27.9            155.8      -155.76         0.00  180.00  4   3.57
  3  3 -1  27.39  54.77   1.6760  0.3560   211.58   3  3 -1      18.4            127.1       127.05         0.00    0.00  4   3.55
  3  3  0  27.40  54.80   1.6751  0.3564   211.79   3  3  0       3.2             52.8        52.79         0.00    0.00  4   3.54
  0  3  4  27.64  55.28   1.6616  0.3622   215.24   0  3  4      17.4            124.6       124.64         0.00    0.00  4   3.47
  4  2  1  27.73  55.46   1.6567  0.3644   216.53   4  2  1       6.3             75.3        75.29         0.00    0.00  4   3.45
  4  1 -4  27.73  55.47   1.6566  0.3644   216.56   4  1 -4      19.9            134.0      -133.96         0.00  180.00  4   3.45
  1  3 -4  27.76  55.52   1.6551  0.3651   216.96   1  3 -4      47.2            206.5       206.52         0.00    0.00  4   3.44
  2  1 -6  28.07  56.14   1.6382  0.3726   221.44   2  1 -6      16.0            122.0       121.98         0.00    0.00  4   3.35
  3  3 -2  28.12  56.23   1.6359  0.3737   222.08   3  3 -2      47.9            211.2      -211.16         0.00  180.00  4   3.34
  3  3  1  28.16  56.32   1.6335  0.3747   222.71   3  3  1       0.7             25.3        25.34         0.00    0.00  4   3.33
  5  0 -1  28.28  56.56   1.6271  0.3777   224.47   5  0 -1       4.9             96.5        96.50         0.00    0.00  2   3.30
  2  3  3  28.35  56.69   1.6237  0.3793   225.43   2  3  3       1.2             34.2       -34.17         0.00  180.00  4   3.28
  1  1  6  28.48  56.97   1.6165  0.3827   227.43   1  1  6       3.8             60.6        60.60         0.00    0.00  4   3.24
  4  2 -3  28.64  57.27   1.6085  0.3865   229.69   4  2 -3      10.9            102.9       102.94         0.00    0.00  4   3.21
  0  4  0  28.68  57.36   1.6063  0.3876   230.34   0  4  0       2.4             68.3        68.31         0.00    0.00  2   3.19
  4  1  3  28.73  57.45   1.6039  0.3887   231.02   4  1  3      13.7            115.7      -115.66         0.00  180.00  4   3.18
  1  3  4  28.78  57.56   1.6012  0.3900   231.79   1  3  4       0.3             17.1       -17.13         0.00  180.00  4   3.17
  0  4  1  29.04  58.09   1.5879  0.3966   235.69   0  4  1      44.9            212.2       212.18         0.00    0.00  4   3.10
  2  3 -4  29.13  58.26   1.5837  0.3987   236.94   2  3 -4       0.4             19.5        19.53         0.00    0.00  4   3.08
  5  1 -1  29.26  58.52   1.5773  0.4019   238.87   5  1 -1      10.8            104.9      -104.88         0.00  180.00  4   3.05
  1  4  0  29.30  58.60   1.5753  0.4030   239.48   1  4  0      36.5            193.2      -193.19         0.00  180.00  4   3.04
  4  2  2  29.33  58.67   1.5736  0.4039   240.01   4  2  2       0.8             28.7       -28.73         0.00  180.00  4   3.04
  5  1  0  29.52  59.04   1.5645  0.4085   242.79   5  1  0       2.9             55.1       -55.14         0.00  180.00  4   2.99
  1  4 -1  29.53  59.07   1.5639  0.4089   242.98   1  4 -1       1.3             37.0        36.99         0.00    0.00  4   2.99
  5  0  1  29.54  59.07   1.5638  0.4089   243.02   5  0  1       0.7             38.4       -38.38         0.00  180.00  2   2.99
  3  3 -3  29.55  59.11   1.5629  0.4094   243.28   3  3 -3       0.2             13.6       -13.62         0.00  180.00  4   2.99
  3  0  5  29.60  59.19   1.5609  0.4104   243.91   3  0  5       7.5            124.9      -124.91         0.00  180.00  2   2.98
  3  3  2  29.62  59.25   1.5596  0.4111   244.33   3  3  2      10.4            104.5       104.49         0.00    0.00  4   2.97
  5  1 -2  29.71  59.42   1.5554  0.4134   245.66   5  1 -2       2.3             48.8        48.79         0.00    0.00  4   2.95
  3  2 -5  29.72  59.45   1.5548  0.4137   245.85   3  2 -5      24.9            162.1      -162.14         0.00  180.00  4   2.95
  2  2  5  29.77  59.54   1.5526  0.4149   246.54   2  2  5       0.0              0.2         0.22         0.00    0.00  4   2.94
  1  4  1  29.78  59.56   1.5521  0.4151   246.69   1  4  1       1.3             36.9       -36.94         0.00  180.00  4   2.93
  3  2  4  29.85  59.70   1.5488  0.4169   247.74   3  2  4       0.4             21.6       -21.57         0.00  180.00  4   2.92
  1  2 -6  29.89  59.78   1.5469  0.4179   248.36   1  2 -6      17.3            136.0       136.00         0.00    0.00  4   2.91
  5  0 -3  29.92  59.84   1.5456  0.4186   248.76   5  0 -3       9.2            140.2      -140.21         0.00  180.00  2   2.90
  0  2  6  30.02  60.05   1.5407  0.4213   250.35   0  2  6      19.8            146.1      -146.13         0.00  180.00  4   2.88
  2  0  6  30.10  60.21   1.5370  0.4233   251.57   2  0  6       2.7             76.3       -76.34         0.00  180.00  2   2.86
  0  4  2  30.12  60.23   1.5364  0.4236   251.76   0  4  2       2.8             55.3        55.30         0.00    0.00  4   2.86
  3  1 -6  30.39  60.79   1.5236  0.4308   255.99   3  1 -6       1.0             34.0       -33.95         0.00  180.00  4   2.80
  1  4 -2  30.47  60.95   1.5201  0.4328   257.18   1  4 -2      13.8            124.3       124.26         0.00    0.00  4   2.79
  4  1 -5  30.48  60.97   1.5197  0.4330   257.33   4  1 -5       4.7             72.0        72.05         0.00    0.00  4   2.79
  5  1  1  30.49  60.98   1.5194  0.4332   257.42   5  1  1      44.6            223.1       223.14         0.00    0.00  4   2.78
  3  1  5  30.55  61.09   1.5168  0.4346   258.30   3  1  5      31.2            187.0      -187.03         0.00  180.00  4   2.77
  1  0 -7  30.56  61.12   1.5162  0.4350   258.52   1  0 -7       6.9            124.4      -124.45         0.00  180.00  2   2.77
  4  2 -4  30.64  61.28   1.5126  0.4371   259.75   4  2 -4       7.7             93.0        92.95         0.00    0.00  4   2.75
  4  0  4  30.76  61.51   1.5075  0.4401   261.52   4  0  4      22.6            226.7       226.70         0.00    0.00  2   2.73
  5  1 -3  30.86  61.73   1.5028  0.4428   263.16   5  1 -3       4.0             67.8       -67.83         0.00  180.00  4   2.71
  1  3 -5  30.87  61.74   1.5024  0.4430   263.29   1  3 -5       1.1             35.3        35.31         0.00    0.00  4   2.71
  0  3  5  30.88  61.76   1.5020  0.4433   263.43   0  3  5       4.1             68.6        68.57         0.00    0.00  4   2.71

  H  K  L  THETA  2THETA D VALUE  1/D**2 SIN2*1000  H  K  L INTENSITY         /F(HKL)/       A(HKL)      B(HKL) PHA.ANG. MULT   LPG

  1  4  2  30.96  61.91   1.4986  0.4452   264.60   1  4  2       1.6             43.1       -43.12         0.00  180.00  4   2.69
  2  2 -6  30.96  61.92   1.4986  0.4453   264.63   2  2 -6       6.7             87.9        87.85         0.00    0.00  4   2.69
  2  1  6  31.05  62.09   1.4948  0.4475   265.96   2  1  6      43.9            225.8       225.80         0.00    0.00  4   2.68
  2  3  4  31.09  62.18   1.4930  0.4486   266.62   2  3  4       0.0              6.4        -6.44         0.00  180.00  4   2.67
  2  4  0  31.10  62.21   1.4922  0.4491   266.88   2  4  0       1.7             45.0       -44.99         0.00  180.00  4   2.66
  2  4 -1  31.21  62.42   1.4877  0.4518   268.53   2  4 -1       0.5             23.7        23.67         0.00    0.00  4   2.64
  1  2  6  31.35  62.69   1.4819  0.4554   270.61   1  2  6       6.1             85.0        85.01         0.00    0.00  4   2.62
  1  1 -7  31.49  62.99   1.4756  0.4592   272.92   1  1 -7      13.0            124.9       124.94         0.00    0.00  4   2.59
  4  3 -1  31.54  63.09   1.4736  0.4605   273.67   4  3 -1       0.0              5.2         5.20         0.00    0.00  4   2.58
  4  2  3  31.58  63.15   1.4722  0.4614   274.21   4  2  3       2.8             58.0        57.98         0.00    0.00  4   2.58
  3  3 -4  31.64  63.28   1.4695  0.4631   275.20   3  3 -4      11.0            115.7       115.68         0.00    0.00  4   2.57
  4  3  0  31.68  63.35   1.4681  0.4640   275.74   4  3  0       0.6             26.1       -26.14         0.00  180.00  4   2.56
  4  1  4  31.69  63.37   1.4676  0.4643   275.92   4  1  4       0.0              3.3         3.29         0.00    0.00  4   2.56
  2  4  1  31.69  63.38   1.4675  0.4643   275.95   2  4  1       6.1             86.0        85.98         0.00    0.00  4   2.56
  3  3  3  31.74  63.47   1.4656  0.4656   276.67   3  3  3       8.1             99.2       -99.19         0.00  180.00  4   2.55
  0  1  7  31.74  63.48   1.4653  0.4657   276.77   0  1  7       3.9             68.6       -68.57         0.00  180.00  4   2.55
  0  4  3  31.85  63.71   1.4607  0.4687   278.53   0  4  3       1.8             47.6        47.62         0.00    0.00  4   2.53
  2  4 -2  32.00  64.01   1.4546  0.4726   280.88   2  4 -2       3.9             69.4       -69.45         0.00  180.00  4   2.50
  2  3 -5  32.04  64.08   1.4532  0.4735   281.42   2  3 -5      17.6            148.1      -148.12         0.00  180.00  4   2.50
  1  3  5  32.07  64.13   1.4521  0.4742   281.84   1  3  5       0.8             32.4       -32.39         0.00  180.00  4   2.49
  5  2 -1  32.08  64.16   1.4515  0.4746   282.06   5  2 -1       0.1             12.9       -12.94         0.00  180.00  4   2.49
  1  4 -3  32.08  64.16   1.4514  0.4747   282.10   1  4 -3       3.6             67.5       -67.49         0.00  180.00  4   2.49
  4  3 -2  32.10  64.19   1.4509  0.4751   282.32   4  3 -2       1.5             43.8       -43.79         0.00  180.00  4   2.49
  5  1  2  32.12  64.25   1.4498  0.4758   282.75   5  1  2       1.2             38.5        38.49         0.00    0.00  4   2.48
  1  0  7  32.23  64.47   1.4453  0.4787   284.49   1  0  7       0.5             33.9        33.87         0.00    0.00  2   2.46
  5  2  0  32.33  64.66   1.4416  0.4812   285.98   5  2  0       0.1             13.3        13.33         0.00    0.00  4   2.45
  2  1 -7  32.41  64.83   1.4381  0.4835   287.34   2  1 -7       4.3             74.3       -74.32         0.00  180.00  4   2.43
  4  3  1  32.49  64.98   1.4352  0.4855   288.51   4  3  1      27.7            188.7      -188.72         0.00  180.00  4   2.42
  5  2 -2  32.51  65.02   1.4344  0.4860   288.85   5  2 -2      24.6            177.8       177.83         0.00    0.00  4   2.42
  5  1 -4  32.67  65.34   1.4282  0.4903   291.36   5  1 -4       0.7             31.0        31.02         0.00    0.00  4   2.39
  1  4  3  32.79  65.57   1.4236  0.4934   293.23   1  4  3       0.2             17.7       -17.66         0.00  180.00  4   2.38
  4  0 -6  32.86  65.72   1.4207  0.4954   294.42   4  0 -6      15.4            201.2      -201.24         0.00  180.00  2   2.36
  2  4  2  32.94  65.89   1.4176  0.4976   295.72   2  4  2       4.9             80.9        80.85         0.00    0.00  4   2.35
  1  1  7  33.14  66.28   1.4101  0.5029   298.89   1  1  7      20.7            166.3      -166.33         0.00  180.00  4   2.32
  3  2 -6  33.16  66.32   1.4094  0.5034   299.18   3  2 -6      10.0            115.5       115.52         0.00    0.00  4   2.32
  4  2 -5  33.24  66.49   1.4062  0.5057   300.52   4  2 -5       3.0             63.3        63.29         0.00    0.00  4   2.31
  5  2  1  33.25  66.50   1.4060  0.5058   300.61   5  2  1       0.3             21.4       -21.44         0.00  180.00  4   2.31
  3  2  5  33.30  66.61   1.4040  0.5073   301.49   3  2  5       8.5            107.3       107.35         0.00    0.00  4   2.30
  4  3 -3  33.32  66.63   1.4036  0.5076   301.67   4  3 -3      22.5            174.7       174.67         0.00    0.00  4   2.30
  2  4 -3  33.46  66.91   1.3983  0.5114   303.94   2  4 -3      10.3            118.5      -118.52         0.00  180.00  4   2.27
  5  0  3  33.49  66.97   1.3972  0.5122   304.41   5  0  3      11.8            179.6      -179.62         0.00  180.00  2   2.27
  3  0 -7  33.56  67.13   1.3944  0.5143   305.64   3  0 -7       1.0             52.7       -52.73         0.00  180.00  2   2.26
  5  2 -3  33.61  67.21   1.3928  0.5155   306.34   5  2 -3      19.4            163.6       163.63         0.00    0.00  4   2.25
  4  1 -6  33.76  67.52   1.3872  0.5196   308.81   4  1 -6      14.6            142.4       142.39         0.00    0.00  4   2.23
  2  2  6  33.78  67.56   1.3865  0.5202   309.15   2  2  6       0.0              3.7         3.68         0.00    0.00  4   2.23
  4  3  2  33.96  67.91   1.3801  0.5250   311.99   4  3  2       3.4             69.4        69.44         0.00    0.00  4   2.21
  3  4 -1  33.98  67.96   1.3794  0.5256   312.35   3  4 -1       0.3             19.8       -19.85         0.00  180.00  4   2.20
  3  4  0  33.99  67.98   1.3789  0.5259   312.56   3  4  0      24.4            185.8      -185.80         0.00  180.00  4   2.20
  5  0 -5  34.20  68.39   1.3716  0.5315   315.88   5  0 -5       0.4             35.0        34.98         0.00    0.00  2   2.17
  0  4  4  34.20  68.41   1.3713  0.5318   316.01   0  4  4       0.3             22.2       -22.15         0.00  180.00  4   2.17
  1  2 -7  34.21  68.42   1.3711  0.5319   316.11   1  2 -7      17.3            157.4       157.36         0.00    0.00  4   2.17
  1  4 -4  34.31  68.62   1.3676  0.5346   317.73   1  4 -4       1.5             46.9       -46.93         0.00  180.00  4   2.16
  3  3 -5  34.32  68.63   1.3674  0.5348   317.83   3  3 -5       0.0              8.0         7.99         0.00    0.00  4   2.16
  2  3  5  34.36  68.72   1.3659  0.5360   318.52   2  3  5      29.4            206.2       206.17         0.00    0.00  4   2.15
  5  1  3  34.38  68.75   1.3653  0.5364   318.80   5  1  3       0.4             23.2        23.25         0.00    0.00  4   2.15
  4  2  4  34.40  68.79   1.3647  0.5370   319.11   4  2  4       3.5             71.5       -71.50         0.00  180.00  4   2.15
  3  3  4  34.43  68.87   1.3634  0.5380   319.72   3  3  4      17.7            160.2      -160.23         0.00  180.00  4   2.14

  H  K  L  THETA  2THETA D VALUE  1/D**2 SIN2*1000  H  K  L INTENSITY         /F(HKL)/       A(HKL)      B(HKL) PHA.ANG. MULT   LPG

  0  2  7  34.45  68.89   1.3629  0.5384   319.96   0  2  7      20.4            172.0      -171.97         0.00  180.00  4   2.14
  3  1 -7  34.45  68.90   1.3627  0.5385   320.04   3  1 -7      14.9            147.3      -147.25         0.00  180.00  4   2.14
  1  3 -6  34.47  68.94   1.3621  0.5390   320.34   1  3 -6      11.9            131.3      -131.34         0.00  180.00  4   2.14
  0  3  6  34.59  69.19   1.3578  0.5424   322.33   0  3  6       1.2             42.1        42.08         0.00    0.00  4   2.12
  3  1  6  34.62  69.24   1.3569  0.5431   322.77   3  1  6       0.0              3.0         2.96         0.00    0.00  4   2.12
  3  4 -2  34.62  69.25   1.3567  0.5433   322.85   3  4 -2       3.5             71.2        71.24         0.00    0.00  4   2.12
  3  4  1  34.66  69.33   1.3554  0.5443   323.48   3  4  1       1.6             48.4       -48.44         0.00  180.00  4   2.11
  5  2  2  34.81  69.63   1.3503  0.5485   325.94   5  2  2      11.8            132.4      -132.42         0.00  180.00  4   2.09
  2  4  3  34.83  69.66   1.3498  0.5489   326.20   2  4  3      20.1            173.0      -173.00         0.00  180.00  4   2.09
  6  0 -2  34.94  69.88   1.3460  0.5520   328.04   6  0 -2       0.2             26.7       -26.69         0.00  180.00  2   2.08
  6  0  0  34.99  69.99   1.3442  0.5534   328.88   6  0  0       5.2            125.3      -125.31         0.00  180.00  2   2.07
  5  1 -5  35.08  70.16   1.3414  0.5558   330.28   5  1 -5      11.2            130.0       130.01         0.00    0.00  4   2.06
  2  2 -7  35.09  70.19   1.3409  0.5562   330.53   2  2 -7       3.4             71.7       -71.66         0.00  180.00  4   2.06
  4  1  5  35.15  70.31   1.3389  0.5579   331.53   4  1  5       0.3             20.6        20.58         0.00    0.00  4   2.05
  4  3 -4  35.17  70.33   1.3385  0.5582   331.73   4  3 -4       0.4             25.7       -25.71         0.00  180.00  4   2.05
  1  4  4  35.22  70.44   1.3368  0.5596   332.57   1  4  4      35.2            231.1       231.11         0.00    0.00  4   2.05
  5  2 -4  35.34  70.68   1.3328  0.5629   334.55   5  2 -4      12.9            140.4      -140.44         0.00  180.00  4   2.03
  2  3 -6  35.46  70.93   1.3287  0.5664   336.61   2  3 -6       0.5             26.7        26.73         0.00    0.00  4   2.02
  6  1 -1  35.52  71.04   1.3270  0.5679   337.51   6  1 -1       5.5             91.8        91.82         0.00    0.00  4   2.01
  2  4 -4  35.53  71.06   1.3265  0.5683   337.72   2  4 -4       1.4             46.2        46.19         0.00    0.00  4   2.01
  2  1  7  35.63  71.25   1.3235  0.5709   339.28   2  1  7       1.2             43.5        43.50         0.00    0.00  4   2.00
  1  2  7  35.79  71.59   1.3181  0.5756   342.08   1  2  7       2.0             56.7       -56.68         0.00  180.00  4   1.98
  6  1 -2  35.82  71.63   1.3174  0.5762   342.44   6  1 -2      20.7            180.5       180.53         0.00    0.00  4   1.98
  1  3  6  35.83  71.65   1.3171  0.5765   342.60   1  3  6      18.2            168.9      -168.90         0.00  180.00  4   1.98
  0  0  8  35.83  71.66   1.3169  0.5766   342.69   0  0  8       0.7             46.4       -46.37         0.00  180.00  2   1.98
  6  1  0  35.87  71.73   1.3158  0.5776   343.28   6  1  0      20.2            178.5      -178.45         0.00  180.00  4   1.97
  3  4 -3  35.91  71.83   1.3143  0.5789   344.06   3  4 -3       0.3             21.6        21.63         0.00    0.00  4   1.97
  3  4  2  35.98  71.95   1.3123  0.5807   345.11   3  4  2      10.2            127.0       126.98         0.00    0.00  4   1.96
  4  3  3  36.04  72.08   1.3102  0.5825   346.19   4  3  3      10.2            127.2       127.20         0.00    0.00  4   1.96
  2  0 -8  36.24  72.49   1.3039  0.5882   349.56   2  0 -8       5.9            138.3       138.30         0.00    0.00  2   1.93
  1  1 -8  36.35  72.71   1.3005  0.5913   351.38   1  1 -8       0.3             22.8        22.84         0.00    0.00  4   1.92
  4  2 -6  36.39  72.78   1.2993  0.5923   352.00   4  2 -6       9.1            121.3       121.31         0.00    0.00  4   1.92
  5  3 -1  36.51  73.03   1.2956  0.5957   354.04   5  3 -1       0.3             21.9       -21.86         0.00  180.00  4   1.91
  0  1  8  36.70  73.39   1.2901  0.6009   357.09   0  1  8      18.6            175.0       175.03         0.00    0.00  4   1.89
  5  3  0  36.75  73.50   1.2885  0.6023   357.96   5  3  0      25.1            203.4       203.38         0.00    0.00  4   1.88
  6  1 -3  36.76  73.51   1.2883  0.6025   358.08   6  1 -3       4.7             87.9       -87.89         0.00  180.00  4   1.88
  6  1  1  36.86  73.71   1.2853  0.6054   359.76   6  1  1       0.1             13.6        13.62         0.00    0.00  4   1.87
  5  3 -2  36.92  73.84   1.2834  0.6072   360.83   5  3 -2       1.7             53.1       -53.06         0.00  180.00  4   1.87
  5  2  3  36.99  73.98   1.2813  0.6091   361.99   5  2  3       2.4             63.4        63.39         0.00    0.00  4   1.86
  3  2 -7  37.06  74.12   1.2791  0.6112   363.23   3  2 -7       0.2             17.1        17.11         0.00    0.00  4   1.85
  2  1 -8  37.11  74.21   1.2778  0.6124   363.95   2  1 -8      12.2            143.1      -143.14         0.00  180.00  4   1.85
  1  4 -5  37.11  74.22   1.2776  0.6126   364.07   1  4 -5       0.9             38.7       -38.75         0.00  180.00  4   1.85
  0  4  5  37.12  74.24   1.2774  0.6128   364.20   0  4  5      18.8            177.7      -177.65         0.00  180.00  4   1.85
  0  5  1  37.18  74.37   1.2755  0.6146   365.26   0  5  1       1.8             55.5       -55.55         0.00  180.00  4   1.84
  5  1  4  37.20  74.40   1.2750  0.6151   365.56   5  1  4       0.1             11.8       -11.84         0.00  180.00  4   1.84
  3  2  6  37.22  74.45   1.2743  0.6158   365.96   3  2  6      14.8            158.2       158.24         0.00    0.00  4   1.84
  2  4  4  37.31  74.62   1.2718  0.6182   367.39   2  4  4       1.6             51.3       -51.33         0.00  180.00  4   1.83
  1  5  0  37.41  74.82   1.2690  0.6210   369.04   1  5  0       9.8            129.2       129.15         0.00    0.00  4   1.82
  6  0 -4  37.47  74.93   1.2673  0.6227   370.04   6  0 -4       9.1            176.8       176.83         0.00    0.00  2   1.82
  4  1 -7  37.52  75.05   1.2656  0.6243   371.00   4  1 -7       0.0              3.3         3.27         0.00    0.00  4   1.81
  3  3 -6  37.53  75.07   1.2654  0.6246   371.16   3  3 -6       3.1             73.2        73.21         0.00    0.00  4   1.81
  4  3 -5  37.61  75.23   1.2631  0.6268   372.50   4  3 -5      16.5            168.5      -168.49         0.00  180.00  4   1.80
  1  5 -1  37.62  75.23   1.2630  0.6269   372.54   1  5 -1       0.2             16.7       -16.68         0.00  180.00  4   1.80
  6  0  2  37.62  75.23   1.2630  0.6269   372.56   6  0  2       7.2            157.5       157.54         0.00    0.00  2   1.80
  5  3  1  37.62  75.24   1.2629  0.6269   372.59   5  3  1       0.9             40.4       -40.42         0.00  180.00  4   1.80
  5  2 -5  37.67  75.34   1.2615  0.6284   373.47   5  2 -5       0.4             25.1       -25.07         0.00  180.00  4   1.80
  3  3  5  37.67  75.34   1.2614  0.6284   373.47   3  3  5       1.3             46.7        46.65         0.00    0.00  4   1.80

  H  K  L  THETA  2THETA D VALUE  1/D**2 SIN2*1000  H  K  L INTENSITY         /F(HKL)/       A(HKL)      B(HKL) PHA.ANG. MULT   LPG

  4  4 -1  37.73  75.46   1.2598  0.6301   374.45   4  4 -1      28.7            223.0       223.00         0.00    0.00  4   1.79
  4  2  5  37.74  75.49   1.2593  0.6305   374.72   4  2  5      12.1            145.1      -145.13         0.00  180.00  4   1.79
  3  4 -4  37.82  75.64   1.2572  0.6327   375.98   3  4 -4      18.5            179.6       179.57         0.00    0.00  4   1.79
  1  5  1  37.84  75.67   1.2568  0.6331   376.25   1  5  1      14.8            160.8       160.80         0.00    0.00  4   1.79
  4  4  0  37.85  75.70   1.2563  0.6336   376.51   4  4  0       5.5             98.3        98.32         0.00    0.00  4   1.78
  3  4  3  37.91  75.81   1.2548  0.6351   377.45   3  4  3       0.3             20.9        20.91         0.00    0.00  4   1.78
  5  3 -3  37.96  75.92   1.2533  0.6366   378.33   5  3 -3       0.1             15.6        15.58         0.00    0.00  4   1.78
  5  1 -6  38.05  76.10   1.2507  0.6393   379.91   5  1 -6       5.6             99.0       -98.97         0.00  180.00  4   1.77
  6  2 -1  38.10  76.20   1.2494  0.6406   380.69   6  2 -1       0.6             32.4       -32.42         0.00  180.00  4   1.76
  1  1  8  38.12  76.24   1.2488  0.6412   381.06   1  1  8       6.3            105.7      -105.71         0.00  180.00  4   1.76
  2  3  6  38.12  76.25   1.2487  0.6413   381.13   2  3  6       1.0             42.4       -42.39         0.00  180.00  4   1.76
  0  5  2  38.13  76.27   1.2484  0.6417   381.32   0  5  2       7.4            114.1      -114.07         0.00  180.00  4   1.76
  2  4 -5  38.19  76.37   1.2470  0.6431   382.20   2  4 -5      20.6            190.8       190.85         0.00    0.00  4   1.76
  2  2  7  38.20  76.40   1.2465  0.6436   382.47   2  2  7       7.7            116.8      -116.76         0.00  180.00  4   1.76
  1  4  5  38.21  76.42   1.2463  0.6438   382.61   1  4  5       5.9            102.1       102.12         0.00    0.00  4   1.75
  4  4 -2  38.24  76.48   1.2455  0.6446   383.09   4  4 -2       0.1              9.6         9.56         0.00    0.00  4   1.75
  4  0  6  38.26  76.52   1.2449  0.6452   383.45   4  0  6       4.3            123.1      -123.11         0.00  180.00  2   1.75
  3  0  7  38.27  76.53   1.2448  0.6454   383.55   3  0  7       7.9            167.7       167.72         0.00    0.00  2   1.75
  6  1 -4  38.32  76.64   1.2433  0.6469   384.44   6  1 -4       0.4             25.6       -25.57         0.00  180.00  4   1.75
  6  2 -2  38.39  76.78   1.2414  0.6489   385.63   6  2 -2       4.8             92.2        92.20         0.00    0.00  4   1.74
  6  2  0  38.44  76.88   1.2401  0.6503   386.47   6  2  0       5.9            102.8       102.84         0.00    0.00  4   1.74
  1  5 -2  38.45  76.91   1.2396  0.6508   386.75   1  5 -2       0.1             15.5        15.49         0.00    0.00  4   1.74
  6  1  2  38.47  76.93   1.2393  0.6511   386.96   6  1  2       2.4             65.0       -64.96         0.00  180.00  4   1.73
  1  3 -7  38.53  77.07   1.2375  0.6530   388.09   1  3 -7       1.2             47.4       -47.40         0.00  180.00  4   1.73
  4  4  1  38.60  77.21   1.2356  0.6550   389.28   4  4  1       8.9            126.5      -126.49         0.00  180.00  4   1.72
  4  3  4  38.71  77.42   1.2327  0.6581   391.09   4  3  4       0.2             17.9        17.94         0.00    0.00  4   1.72
  0  3  7  38.76  77.52   1.2314  0.6595   391.94   0  3  7       2.9             73.0        73.04         0.00    0.00  4   1.71
  1  5  2  38.89  77.78   1.2279  0.6633   394.17   1  5  2       7.0            112.8      -112.84         0.00  180.00  4   1.70
  1  2 -8  38.91  77.83   1.2273  0.6639   394.57   1  2 -8      15.7            169.6      -169.61         0.00  180.00  4   1.70
  3  1 -8  38.93  77.85   1.2269  0.6643   394.79   3  1 -8       4.5             90.7        90.75         0.00    0.00  4   1.70
  2  5  0  39.02  78.05   1.2243  0.6671   396.45   2  5  0       9.5            131.9      -131.87         0.00  180.00  4   1.69
  4  1  6  39.11  78.21   1.2222  0.6695   397.85   4  1  6       3.0             74.7        74.72         0.00    0.00  4   1.69
  5  3  2  39.11  78.22   1.2221  0.6696   397.92   5  3  2       8.4            124.6      -124.60         0.00  180.00  4   1.69
  3  1  7  39.11  78.22   1.2220  0.6696   397.94   3  1  7       2.1             61.5       -61.53         0.00  180.00  4   1.69
  2  5 -1  39.12  78.24   1.2218  0.6699   398.09   2  5 -1      16.7            175.5      -175.46         0.00  180.00  4   1.69
  0  2  8  39.25  78.50   1.2185  0.6735   400.28   0  2  8       5.8            103.3       103.35         0.00    0.00  4   1.68
  6  2 -3  39.31  78.61   1.2170  0.6752   401.27   6  2 -3      11.1            143.3      -143.32         0.00  180.00  4   1.67
  4  4 -3  39.37  78.75   1.2152  0.6772   402.44   4  4 -3       1.5             52.4       -52.45         0.00  180.00  4   1.67
  2  3 -7  39.38  78.76   1.2151  0.6773   402.51   2  3 -7      16.6            175.7       175.71         0.00    0.00  4   1.67
  6  2  1  39.40  78.81   1.2144  0.6780   402.95   6  2  1      14.1            162.3       162.31         0.00    0.00  4   1.67
  2  5  1  39.55  79.11   1.2106  0.6824   405.51   2  5  1       2.5             68.2        68.21         0.00    0.00  4   1.66
  5  3 -4  39.61  79.23   1.2091  0.6841   406.53   5  3 -4       6.1            107.0      -107.02         0.00  180.00  4   1.65
  2  2 -8  39.65  79.30   1.2082  0.6851   407.14   2  2 -8       2.0             60.8       -60.83         0.00  180.00  4   1.65
  0  5  3  39.70  79.41   1.2067  0.6867   408.10   0  5  3      11.5            147.6       147.58         0.00    0.00  4   1.65
  5  0  5  39.74  79.47   1.2060  0.6876   408.63   5  0  5      10.7            200.9       200.92         0.00    0.00  2   1.64
  5  2  4  39.74  79.48   1.2058  0.6878   408.75   5  2  4       7.4            118.0       117.99         0.00    0.00  4   1.64
  2  0  8  39.75  79.50   1.2055  0.6881   408.91   2  0  8      10.0            194.6      -194.57         0.00  180.00  2   1.64
  2  5 -2  39.84  79.68   1.2033  0.6907   410.45   2  5 -2       9.4            133.7       133.73         0.00    0.00  4   1.64
  1  5 -3  39.91  79.82   1.2015  0.6927   411.67   1  5 -3       7.3            118.1      -118.13         0.00  180.00  4   1.63
  4  4  2  39.98  79.95   1.1999  0.6946   412.77   4  4  2       0.0              2.9        -2.89         0.00  180.00  4   1.63
  1  3  7  40.05  80.10   1.1980  0.6967   414.06   1  3  7       0.9             40.8        40.79         0.00    0.00  4   1.62
  4  2 -7  40.06  80.12   1.1978  0.6970   414.19   4  2 -7      12.9            157.0      -157.01         0.00  180.00  4   1.62
  3  4 -5  40.32  80.63   1.1915  0.7044   418.60   3  4 -5       1.5             53.6        53.59         0.00    0.00  4   1.61
  2  4  5  40.36  80.71   1.1905  0.7055   419.30   2  4  5       2.2             65.1        65.08         0.00    0.00  4   1.61
  3  4  4  40.43  80.85   1.1888  0.7076   420.49   3  4  4       2.3             66.6        66.56         0.00    0.00  4   1.60
  1  4 -6  40.46  80.92   1.1880  0.7086   421.11   1  4 -6       2.6             71.5       -71.45         0.00  180.00  4   1.60
  6  1 -5  40.48  80.97   1.1874  0.7092   421.50   6  1 -5       0.6             33.5       -33.46         0.00  180.00  4   1.60

  H  K  L  THETA  2THETA D VALUE  1/D**2 SIN2*1000  H  K  L INTENSITY         /F(HKL)/       A(HKL)      B(HKL) PHA.ANG. MULT   LPG

  1  5  3  40.56  81.12   1.1856  0.7114   422.80   1  5  3       1.9             60.8       -60.80         0.00  180.00  4   1.59
  5  1  5  40.57  81.14   1.1853  0.7118   423.02   5  1  5       3.8             85.6       -85.63         0.00  180.00  4   1.59
  5  2 -6  40.58  81.15   1.1852  0.7119   423.09   5  2 -6       1.1             46.8       -46.82         0.00  180.00  4   1.59
  0  4  6  40.58  81.15   1.1852  0.7120   423.10   0  4  6       1.1             46.9       -46.87         0.00  180.00  4   1.59
  2  1  8  40.59  81.18   1.1849  0.7123   423.31   2  1  8       0.0              0.4        -0.44         0.00  180.00  4   1.59
  4  3 -6  40.63  81.26   1.1839  0.7134   423.98   4  3 -6       2.1             64.6       -64.64         0.00  180.00  4   1.59
  1  2  8  40.64  81.29   1.1835  0.7139   424.25   1  2  8       0.9             40.9        40.87         0.00    0.00  4   1.59
  6  1  3  40.68  81.36   1.1827  0.7149   424.86   6  1  3       2.7             72.6       -72.64         0.00  180.00  4   1.59
  2  5  2  40.70  81.41   1.1821  0.7156   425.29   2  5  2       0.6             33.1       -33.07         0.00  180.00  4   1.59
  5  0 -7  40.74  81.47   1.1813  0.7166   425.84   5  0 -7       0.4             40.8        40.80         0.00    0.00  2   1.58
  1  0 -9  40.75  81.51   1.1809  0.7171   426.16   1  0 -9       5.0            140.8       140.79         0.00    0.00  2   1.58
  6  2 -4  40.84  81.68   1.1789  0.7196   427.62   6  2 -4       8.2            127.1      -127.13         0.00  180.00  4   1.58
  4  0 -8  40.95  81.90   1.1763  0.7227   429.51   4  0 -8       2.1             91.1        91.13         0.00    0.00  2   1.57
  6  2  2  40.98  81.97   1.1754  0.7238   430.15   6  2  2      10.7            145.6      -145.63         0.00  180.00  4   1.57
  4  4 -4  41.12  82.24   1.1722  0.7278   432.51   4  4 -4       0.1             16.3       -16.26         0.00  180.00  4   1.56
  2  5 -3  41.18  82.36   1.1708  0.7295   433.51   2  5 -3       0.2             18.9        18.86         0.00    0.00  4   1.56
  5  3  3  41.21  82.41   1.1702  0.7302   433.97   5  3  3       0.1             10.4       -10.37         0.00  180.00  4   1.56
  3  3 -7  41.28  82.55   1.1686  0.7323   435.21   3  3 -7       0.7             38.5        38.54         0.00    0.00  4   1.55
  2  4 -6  41.40  82.81   1.1656  0.7360   437.39   2  4 -6       0.8             39.8       -39.80         0.00  180.00  4   1.55
  3  3  6  41.43  82.87   1.1649  0.7369   437.94   3  3  6       5.6            106.4       106.41         0.00    0.00  4   1.55
  3  2 -8  41.44  82.87   1.1649  0.7370   437.98   3  2 -8       0.9             41.7       -41.74         0.00  180.00  4   1.55
  7  0 -1  41.55  83.11   1.1622  0.7404   440.02   7  0 -1      10.6            206.9       206.87         0.00    0.00  2   1.54
  5  1 -7  41.57  83.14   1.1619  0.7408   440.24   5  1 -7       3.6             84.7       -84.71         0.00  180.00  4   1.54
  1  1 -9  41.59  83.17   1.1614  0.7413   440.56   1  1 -9       5.3            103.9       103.85         0.00    0.00  4   1.54
  4  2  6  41.61  83.23   1.1608  0.7421   441.04   4  2  6       4.3             92.9        92.89         0.00    0.00  4   1.54
  3  2  7  41.62  83.24   1.1607  0.7423   441.13   3  2  7      12.3            157.9      -157.88         0.00  180.00  4   1.54
  3  5 -1  41.66  83.33   1.1597  0.7436   441.92   3  5 -1       1.4             53.5        53.46         0.00    0.00  4   1.53
  3  5  0  41.68  83.35   1.1594  0.7440   442.13   3  5  0       0.7             38.1       -38.08         0.00  180.00  4   1.53
  1  4  6  41.75  83.50   1.1578  0.7461   443.37   1  4  6       9.4            137.8      -137.82         0.00  180.00  4   1.53
  4  1 -8  41.78  83.56   1.1571  0.7470   443.90   4  1 -8       1.9             62.6        62.56         0.00    0.00  4   1.53
  5  3 -5  41.87  83.74   1.1550  0.7496   445.45   5  3 -5       0.0              4.2         4.20         0.00    0.00  4   1.53
  0  5  4  41.88  83.75   1.1549  0.7498   445.58   0  5  4       1.7             59.0        58.96         0.00    0.00  4   1.52
  4  3  5  41.94  83.88   1.1534  0.7517   446.70   4  3  5       0.0              5.7        -5.73         0.00  180.00  4   1.52
  4  4  3  41.96  83.91   1.1531  0.7521   446.96   4  4  3       8.4            131.0      -131.00         0.00  180.00  4   1.52
  1  5 -4  41.97  83.95   1.1527  0.7527   447.30   1  5 -4      12.3            158.3      -158.29         0.00  180.00  4   1.52
  0  1  9  42.02  84.04   1.1516  0.7540   448.12   0  1  9       4.0             90.2        90.16         0.00    0.00  4   1.52
  2  1 -9  42.20  84.41   1.1476  0.7593   451.27   2  1 -9       0.6             34.7        34.67         0.00    0.00  4   1.51
  3  5 -2  42.27  84.54   1.1461  0.7613   452.42   3  5 -2      10.2            145.0       144.98         0.00    0.00  4   1.51
  6  3 -1  42.28  84.57   1.1458  0.7617   452.68   6  3 -1       9.3            138.2      -138.24         0.00  180.00  4   1.51
  3  5  1  42.31  84.61   1.1453  0.7623   453.05   3  5  1       0.1             15.8        15.82         0.00    0.00  4   1.51
  7  1 -1  42.38  84.77   1.1436  0.7646   454.41   7  1 -1       0.0              6.3        -6.28         0.00  180.00  4   1.50
  2  3  7  42.39  84.77   1.1435  0.7647   454.45   2  3  7       8.5            132.8      -132.79         0.00  180.00  4   1.50
  5  4 -1  42.41  84.81   1.1431  0.7653   454.81   5  4 -1       1.7             59.1       -59.12         0.00  180.00  4   1.50
  6  0 -6  42.41  84.82   1.1430  0.7654   454.87   6  0 -6       9.6            199.8      -199.82         0.00  180.00  2   1.50
  2  5  3  42.46  84.92   1.1419  0.7669   455.77   2  5  3       0.5             32.3        32.34         0.00    0.00  4   1.50
  7  0 -3  42.53  85.05   1.1405  0.7688   456.89   7  0 -3       0.4             39.5       -39.48         0.00  180.00  2   1.50
  7  1 -2  42.56  85.12   1.1397  0.7698   457.49   7  1 -2       4.3             94.8       -94.83         0.00  180.00  4   1.49
  6  3 -2  42.57  85.14   1.1396  0.7700   457.61   6  3 -2       3.3             82.6       -82.63         0.00  180.00  4   1.49
  6  3  0  42.62  85.23   1.1385  0.7714   458.45   6  3  0       1.4             54.6        54.63         0.00    0.00  4   1.49
  5  4  0  42.63  85.27   1.1382  0.7719   458.73   5  4  0       1.1             48.6        48.58         0.00    0.00  4   1.49
  6  0  4  42.65  85.30   1.1378  0.7725   459.07   6  0  4       3.5            120.3      -120.27         0.00  180.00  2   1.49
  1  0  9  42.68  85.36   1.1372  0.7733   459.55   1  0  9       8.7            190.7       190.74         0.00    0.00  2   1.49
  5  4 -2  42.80  85.60   1.1347  0.7767   461.60   5  4 -2      11.7            156.4      -156.37         0.00  180.00  4   1.48
  7  1  0  42.82  85.65   1.1341  0.7775   462.04   7  1  0       0.1             10.5        10.47         0.00    0.00  4   1.48
  1  5  4  42.83  85.66   1.1340  0.7776   462.13   1  5  4       0.2             21.0        21.00         0.00    0.00  4   1.48
  6  2 -5  42.98  85.95   1.1309  0.7819   464.69   6  2 -5       5.3            105.4       105.45         0.00    0.00  4   1.48
  3  0 -9  43.04  86.08   1.1295  0.7839   465.86   3  0 -9       5.0            145.5      -145.48         0.00  180.00  2   1.48

  H  K  L  THETA  2THETA D VALUE  1/D**2 SIN2*1000  H  K  L INTENSITY         /F(HKL)/       A(HKL)      B(HKL) PHA.ANG. MULT   LPG

  7  0  1  43.05  86.10   1.1293  0.7841   465.99   7  0  1       3.1            113.5      -113.51         0.00  180.00  2   1.48
  5  2  5  43.06  86.13   1.1290  0.7845   466.21   5  2  5       4.6             98.3       -98.34         0.00  180.00  4   1.47
  2  2  8  43.08  86.16   1.1287  0.7850   466.50   2  2  8       3.5             85.7        85.73         0.00    0.00  4   1.47
  1  3 -8  43.08  86.16   1.1286  0.7851   466.55   1  3 -8       0.0              7.5        -7.53         0.00  180.00  4   1.47
  2  5 -4  43.12  86.25   1.1277  0.7863   467.28   2  5 -4       0.3             24.5        24.51         0.00    0.00  4   1.47
  6  2  3  43.17  86.34   1.1268  0.7876   468.05   6  2  3       4.5             98.1       -98.06         0.00  180.00  4   1.47
  6  1 -6  43.24  86.48   1.1253  0.7896   469.27   6  1 -6      13.7            170.3      -170.27         0.00  180.00  4   1.47
  7  1 -3  43.35  86.71   1.1229  0.7930   471.28   7  1 -3      17.1            190.7      -190.75         0.00  180.00  4   1.46
  3  4 -6  43.39  86.78   1.1222  0.7941   471.94   3  4 -6      16.8            189.1      -189.11         0.00  180.00  4   1.46
  0  3  8  43.41  86.82   1.1218  0.7947   472.26   0  3  8       3.3             83.8       -83.82         0.00  180.00  4   1.46
  6  3 -3  43.47  86.93   1.1206  0.7963   473.25   6  3 -3       5.5            108.0       107.97         0.00    0.00  4   1.46
  4  4 -5  43.47  86.94   1.1206  0.7964   473.28   4  4 -5       9.8            144.3      -144.31         0.00  180.00  4   1.46
  5  4  1  43.47  86.95   1.1205  0.7965   473.36   5  4  1       3.5             86.0       -86.01         0.00  180.00  4   1.46
  6  1  4  43.48  86.96   1.1203  0.7967   473.47   6  1  4      15.0            178.6       178.58         0.00    0.00  4   1.46
  3  5 -3  43.49  86.98   1.1202  0.7970   473.62   3  5 -3       7.6            126.9      -126.87         0.00  180.00  4   1.46
  1  1  9  43.51  87.01   1.1198  0.7975   473.95   1  1  9       0.2             19.7        19.69         0.00    0.00  4   1.46
  3  4  5  43.52  87.05   1.1194  0.7980   474.25   3  4  5       0.3             26.0        26.02         0.00    0.00  4   1.46
  3  5  2  43.55  87.10   1.1189  0.7987   474.67   3  5  2       2.7             75.8       -75.79         0.00  180.00  4   1.46
  4  1  7  43.56  87.12   1.1187  0.7991   474.88   4  1  7       6.5            117.6       117.62         0.00    0.00  4   1.46
  6  3  1  43.56  87.13   1.1186  0.7992   474.93   6  3  1       3.6             87.3        87.30         0.00    0.00  4   1.46
  5  4 -3  43.80  87.60   1.1137  0.8062   479.10   5  4 -3       2.3             70.0        70.03         0.00    0.00  4   1.45
  2  3 -8  43.80  87.61   1.1137  0.8062   479.12   2  3 -8       1.3             53.2        53.23         0.00    0.00  4   1.45
  3  1 -9  43.87  87.74   1.1124  0.8081   480.26   3  1 -9      17.4            193.7       193.67         0.00    0.00  4   1.45
  7  1  1  43.88  87.75   1.1123  0.8083   480.38   7  1  1       4.8            101.2       101.23         0.00    0.00  4   1.45
  5  3  4  43.90  87.79   1.1119  0.8089   480.73   5  3  4       4.3             96.1       -96.09         0.00  180.00  4   1.45
  2  4  6  43.96  87.93   1.1105  0.8109   481.91   2  4  6       4.1             94.5       -94.48         0.00  180.00  4   1.44
  5  2 -7  44.05  88.10   1.1087  0.8135   483.43   5  2 -7       4.8            102.3      -102.25         0.00  180.00  4   1.44
  1  2 -9  44.07  88.14   1.1084  0.8140   483.75   1  2 -9       1.5             57.4       -57.45         0.00  180.00  4   1.44
  3  1  8  44.07  88.15   1.1083  0.8141   483.83   3  1  8       2.0             65.3       -65.25         0.00  180.00  4   1.44
  4  3 -7  44.21  88.42   1.1056  0.8181   486.17   4  3 -7       0.1             16.2       -16.22         0.00  180.00  4   1.44
  4  2 -8  44.26  88.52   1.1046  0.8196   487.09   4  2 -8       8.9            138.6      -138.60         0.00  180.00  4   1.43
  1  4 -7  44.36  88.72   1.1026  0.8226   488.87   1  4 -7       2.2             68.7        68.68         0.00    0.00  4   1.43
  5  1  6  44.50  88.99   1.0999  0.8265   491.20   5  1  6       2.0             66.3       -66.30         0.00  180.00  4   1.43
  0  2  9  44.50  89.00   1.0998  0.8267   491.30   0  2  9       0.0              5.0        -4.99         0.00  180.00  4   1.43
  4  4  4  44.53  89.07   1.0992  0.8277   491.86   4  4  4       0.3             26.3       -26.31         0.00  180.00  4   1.43
  0  4  7  44.58  89.17   1.0982  0.8291   492.71   0  4  7       6.9            123.0       122.96         0.00    0.00  4   1.43
  1  5 -5  44.64  89.27   1.0972  0.8306   493.63   1  5 -5       5.5            109.9       109.94         0.00    0.00  4   1.42
  0  5  5  44.64  89.29   1.0971  0.8309   493.77   0  5  5       1.0             46.9       -46.94         0.00  180.00  4   1.42
  2  2 -9  44.68  89.37   1.0963  0.8320   494.46   2  2 -9       5.5            109.3       109.26         0.00    0.00  4   1.42
  5  3 -6  44.72  89.44   1.0956  0.8331   495.08   5  3 -6      15.3            183.2       183.20         0.00    0.00  4   1.42
  7  1 -4  44.76  89.52   1.0948  0.8342   495.78   7  1 -4       1.5             57.6        57.60         0.00    0.00  4   1.42
  1  3  8  44.78  89.57   1.0943  0.8350   496.23   1  3  8       7.5            128.0       128.04         0.00    0.00  4   1.42
  2  5  4  44.83  89.65   1.0935  0.8362   496.96   2  5  4       4.0             93.4        93.44         0.00    0.00  4   1.42
  7  2 -1  44.86  89.73   1.0928  0.8373   497.60   7  2 -1       2.3             71.1       -71.08         0.00  180.00  4   1.42
  5  4  2  44.93  89.85   1.0916  0.8392   498.70   5  4  2       6.1            116.0       115.98         0.00    0.00  4   1.42
  6  3 -4  44.98  89.95   1.0906  0.8407   499.61   6  3 -4       0.0              5.2         5.17         0.00    0.00  4   1.41
  7  2 -2  45.04  90.08   1.0895  0.8425   500.68   7  2 -2       1.6             59.0        58.98         0.00    0.00  4   1.41
  6  3  2  45.12  90.24   1.0879  0.8449   502.13   6  3  2       2.2             69.7        69.66         0.00    0.00  4   1.41
  2  4 -7  45.19  90.38   1.0867  0.8469   503.29   2  4 -7       0.3             24.3        24.32         0.00    0.00  4   1.41
  4  5 -1  45.23  90.46   1.0859  0.8481   504.01   4  5 -1       0.0              7.7         7.71         0.00    0.00  4   1.41
  7  2  0  45.30  90.60   1.0846  0.8501   505.23   7  2  0       8.4            136.3      -136.26         0.00  180.00  4   1.41
  3  5 -4  45.32  90.64   1.0842  0.8507   505.54   3  5 -4       1.7             61.1       -61.07         0.00  180.00  4   1.41
  4  5  0  45.35  90.70   1.0837  0.8516   506.08   4  5  0       0.0              5.0        -4.97         0.00  180.00  4   1.41
  3  5  3  45.40  90.80   1.0827  0.8531   507.01   3  5  3       4.7            102.2      -102.16         0.00  180.00  4   1.40
  5  4 -4  45.42  90.84   1.0823  0.8536   507.31   5  4 -4       2.8             78.3        78.28         0.00    0.00  4   1.40
  7  1  2  45.54  91.08   1.0801  0.8572   509.43   7  1  2       6.3            118.0       118.00         0.00    0.00  4   1.40
  3  3 -8  45.57  91.14   1.0795  0.8581   509.96   3  3 -8      13.5            173.2      -173.19         0.00  180.00  4   1.40

  H  K  L  THETA  2THETA D VALUE  1/D**2 SIN2*1000  H  K  L INTENSITY         /F(HKL)/       A(HKL)      B(HKL) PHA.ANG. MULT   LPG

  5  1 -8  45.65  91.29   1.0781  0.8603   511.28   5  1 -8       0.3             25.8        25.82         0.00    0.00  4   1.40
  2  5 -5  45.67  91.35   1.0776  0.8611   511.76   2  5 -5       5.1            106.1       106.12         0.00    0.00  4   1.40
  1  5  5  45.70  91.40   1.0772  0.8618   512.18   1  5  5       0.0              8.2         8.23         0.00    0.00  4   1.40
  6  2 -6  45.71  91.43   1.0769  0.8623   512.46   6  2 -6       1.1             49.3        49.34         0.00    0.00  4   1.40
  4  5 -2  45.73  91.45   1.0767  0.8626   512.66   4  5 -2       1.3             53.2       -53.24         0.00  180.00  4   1.40
  4  3  6  45.75  91.49   1.0763  0.8632   513.02   4  3  6       0.5             34.3       -34.30         0.00  180.00  4   1.40
  3  3  7  45.75  91.50   1.0762  0.8634   513.11   3  3  7       2.6             76.8        76.76         0.00    0.00  4   1.40
  7  2 -3  45.83  91.66   1.0748  0.8657   514.47   7  2 -3       0.0              2.2         2.24         0.00    0.00  4   1.40
  1  4  7  45.85  91.70   1.0744  0.8663   514.83   1  4  7       0.0              8.7         8.75         0.00    0.00  4   1.40
  7  0 -5  45.95  91.90   1.0726  0.8693   516.59   7  0 -5       3.4            123.4      -123.43         0.00  180.00  2   1.39
  6  2  4  45.95  91.91   1.0725  0.8694   516.66   6  2  4       2.0             67.3        67.27         0.00    0.00  4   1.39
  1  2  9  45.98  91.96   1.0720  0.8702   517.13   1  2  9       1.4             55.9       -55.94         0.00  180.00  4   1.39
  2  1  9  46.03  92.07   1.0711  0.8717   518.05   2  1  9       0.1             16.7       -16.71         0.00  180.00  4   1.39
  4  2  7  46.04  92.07   1.0710  0.8717   518.07   4  2  7       2.4             72.6        72.55         0.00    0.00  4   1.39
  0  6  0  46.05  92.09   1.0708  0.8721   518.27   0  6  0       1.3             76.2        76.20         0.00    0.00  2   1.39
  4  5  1  46.08  92.16   1.0702  0.8731   518.85   4  5  1       5.6            112.2       112.23         0.00    0.00  4   1.39
  3  2 -9  46.34  92.69   1.0655  0.8808   523.44   3  2 -9       0.1             10.9        10.89         0.00    0.00  4   1.39
  7  2  1  46.35  92.70   1.0654  0.8810   523.57   7  2  1       3.4             87.9        87.88         0.00    0.00  4   1.39
  0  6  1  46.35  92.71   1.0653  0.8811   523.62   0  6  1       0.1             10.9       -10.87         0.00  180.00  4   1.39
  4  4 -6  46.42  92.84   1.0642  0.8830   524.76   4  4 -6       0.2             20.3        20.28         0.00    0.00  4   1.39
  3  2  8  46.55  93.10   1.0619  0.8868   527.01   3  2  8       5.1            106.9      -106.94         0.00  180.00  4   1.38
  1  6  0  46.57  93.14   1.0615  0.8875   527.40   1  6  0       0.3             23.8        23.84         0.00    0.00  4   1.38
  4  1 -9  46.58  93.15   1.0614  0.8876   527.51   4  1 -9       2.5             74.2       -74.22         0.00  180.00  4   1.38
  6  1 -7  46.59  93.18   1.0612  0.8880   527.75   6  1 -7       3.6             89.6        89.62         0.00    0.00  4   1.38
  1  6 -1  46.77  93.54   1.0580  0.8933   530.90   1  6 -1       8.7            140.3      -140.33         0.00  180.00  4   1.38
  7  1 -5  46.78  93.55   1.0579  0.8935   530.99   7  1 -5       5.6            112.5       112.48         0.00    0.00  4   1.38
  4  5 -3  46.84  93.67   1.0569  0.8952   532.01   4  5 -3       4.3             97.9       -97.91         0.00  180.00  4   1.38
  6  1  5  46.88  93.76   1.0561  0.8965   532.79   6  1  5       0.2             23.1        23.07         0.00    0.00  4   1.38
  5  2  6  46.97  93.94   1.0546  0.8992   534.39   5  2  6       0.0              0.8        -0.81         0.00  180.00  4   1.38
  1  6  1  46.98  93.97   1.0543  0.8996   534.61   1  6  1       1.2             52.3        52.33         0.00    0.00  4   1.38
  5  4  3  46.99  93.98   1.0542  0.8998   534.75   5  4  3       1.8             63.7        63.69         0.00    0.00  4   1.38
  7  0  3  46.99  93.99   1.0542  0.8999   534.79   7  0  3       0.9             63.8       -63.80         0.00  180.00  2   1.38
  2  0-10  47.00  94.00   1.0541  0.9001   534.90   2  0-10       4.6            144.7      -144.73         0.00  180.00  2   1.38
  0  0 10  47.03  94.07   1.0535  0.9010   535.46   0  0 10       2.0             94.0       -94.05         0.00  180.00  2   1.38
  3  4 -7  47.06  94.13   1.0530  0.9019   535.98   3  4 -7       2.2             70.8        70.81         0.00    0.00  4   1.38
  6  3 -5  47.10  94.21   1.0523  0.9030   536.67   6  3 -5       0.4             28.4        28.45         0.00    0.00  4   1.38
  5  3  5  47.19  94.38   1.0508  0.9056   538.19   5  3  5       1.4             55.9       -55.86         0.00  180.00  4   1.38
  2  3  8  47.21  94.41   1.0505  0.9061   538.48   2  3  8       0.0              2.1        -2.08         0.00  180.00  4   1.37
  3  4  6  47.22  94.44   1.0503  0.9065   538.71   3  4  6       5.3            109.8      -109.85         0.00  180.00  4   1.37
  7  2 -4  47.24  94.47   1.0501  0.9069   538.97   7  2 -4       1.0             47.8        47.77         0.00    0.00  4   1.37
  0  6  2  47.28  94.55   1.0494  0.9081   539.68   0  6  2       3.8             92.8       -92.80         0.00  180.00  4   1.37
  6  3  3  47.30  94.59   1.0490  0.9087   540.03   6  3  3       6.0            116.8       116.81         0.00    0.00  4   1.37
  1  1-10  47.32  94.64   1.0486  0.9094   540.44   1  1-10       1.0             47.1       -47.09         0.00  180.00  4   1.37
  4  5  2  47.43  94.86   1.0468  0.9126   542.33   4  5  2       5.3            110.1       110.08         0.00    0.00  4   1.37
  1  6 -2  47.59  95.18   1.0441  0.9172   545.11   1  6 -2       2.3             72.5       -72.49         0.00  180.00  4   1.37
  5  4 -5  47.65  95.30   1.0431  0.9191   546.22   5  4 -5       0.7             38.8       -38.81         0.00  180.00  4   1.37
  4  4  5  47.72  95.45   1.0419  0.9212   547.47   4  4  5      15.2            185.5       185.46         0.00    0.00  4   1.37
  3  5 -5  47.76  95.53   1.0412  0.9224   548.17   3  5 -5       0.0              4.9         4.89         0.00    0.00  4   1.37
  4  0  8  47.77  95.53   1.0412  0.9225   548.22   4  0  8       0.5             46.1       -46.14         0.00  180.00  2   1.37
  2  5  5  47.80  95.61   1.0406  0.9236   548.86   2  5  5       6.9            124.8      -124.76         0.00  180.00  4   1.37
  7  1  3  47.82  95.65   1.0403  0.9241   549.19   7  1  3       6.9            125.6      -125.62         0.00  180.00  4   1.37
  2  1-10  47.83  95.66   1.0401  0.9243   549.30   2  1-10       3.6             90.2       -90.15         0.00  180.00  4   1.37
  0  1 10  47.86  95.72   1.0396  0.9252   549.85   0  1 10       9.5            146.9      -146.85         0.00  180.00  4   1.37
  3  5  4  47.87  95.75   1.0394  0.9256   550.06   3  5  4       5.2            109.2       109.18         0.00    0.00  4   1.37
  1  5 -6  47.91  95.82   1.0388  0.9266   550.68   1  5 -6       2.0             68.2        68.23         0.00    0.00  4   1.37
  1  6  2  48.02  96.03   1.0371  0.9297   552.53   1  6  2       1.6             59.7        59.73         0.00    0.00  4   1.37
  7  2  2  48.02  96.04   1.0370  0.9299   552.62   7  2  2       1.4             56.1        56.09         0.00    0.00  4   1.37

  H  K  L  THETA  2THETA D VALUE  1/D**2 SIN2*1000  H  K  L INTENSITY         /F(HKL)/       A(HKL)      B(HKL) PHA.ANG. MULT   LPG

  0  5  6  48.02  96.05   1.0370  0.9300   552.67   0  5  6       0.1             16.8       -16.79         0.00  180.00  4   1.37
  6  4 -1  48.07  96.14   1.0362  0.9313   553.45   6  4 -1       2.3             72.5        72.50         0.00    0.00  4   1.37
  5  2 -8  48.13  96.25   1.0353  0.9330   554.47   5  2 -8       8.7            140.8       140.76         0.00    0.00  4   1.37
  2  6  0  48.15  96.29   1.0350  0.9336   554.81   2  6  0       1.5             58.4        58.39         0.00    0.00  4   1.37
  2  4  7  48.17  96.34   1.0346  0.9343   555.22   2  4  7       4.3             98.3        98.35         0.00    0.00  4   1.37
  5  3 -7  48.18  96.36   1.0344  0.9346   555.41   5  3 -7       0.0              2.0        -1.96         0.00  180.00  4   1.37
  5  0  7  48.20  96.39   1.0342  0.9350   555.69   5  0  7       2.0             96.0        95.98         0.00    0.00  2   1.37
  1  3 -9  48.20  96.40   1.0341  0.9351   555.73   1  3 -9       0.0             10.2       -10.18         0.00  180.00  4   1.37
  2  6 -1  48.24  96.48   1.0334  0.9363   556.45   2  6 -1       1.8             64.1       -64.15         0.00  180.00  4   1.37
  6  4 -2  48.35  96.71   1.0316  0.9396   558.38   6  4 -2       0.0              9.3         9.26         0.00    0.00  4   1.37
  4  3 -8  48.39  96.79   1.0310  0.9407   559.07   4  3 -8       0.0              4.9         4.87         0.00    0.00  4   1.37
  6  4  0  48.40  96.80   1.0309  0.9410   559.22   6  4  0       0.5             34.9        34.85         0.00    0.00  4   1.37
  2  2  9  48.52  97.03   1.0290  0.9444   561.23   2  2  9       5.3            109.9       109.95         0.00    0.00  4   1.37
  4  5 -4  48.57  97.13   1.0283  0.9458   562.07   4  5 -4       8.2            137.0       137.04         0.00    0.00  4   1.36
  4  1  8  48.60  97.19   1.0278  0.9467   562.61   4  1  8       5.9            115.5      -115.50         0.00  180.00  4   1.36
  0  3  9  48.64  97.27   1.0271  0.9478   563.29   0  3  9       9.2            144.9      -144.88         0.00  180.00  4   1.36
  2  6  1  48.67  97.34   1.0266  0.9488   563.87   2  6  1       3.1             83.7       -83.74         0.00  180.00  4   1.36
  3  0  9  48.79  97.59   1.0247  0.9524   566.02   3  0  9       2.7            111.2      -111.18         0.00  180.00  2   1.36
  2  3 -9  48.82  97.64   1.0243  0.9531   566.44   2  3 -9       0.4             31.6       -31.56         0.00  180.00  4   1.36
  0  6  3  48.82  97.64   1.0243  0.9532   566.46   0  6  3       0.9             45.5        45.49         0.00    0.00  4   1.36
  2  5 -6  48.85  97.70   1.0238  0.9540   566.95   2  5 -6       9.1            144.1      -144.07         0.00  180.00  4   1.36
  1  4 -8  48.87  97.74   1.0235  0.9546   567.33   1  4 -8       9.4            146.4       146.40         0.00    0.00  4   1.36
  2  6 -2  48.95  97.91   1.0222  0.9571   568.81   2  6 -2       6.9            125.2       125.17         0.00    0.00  4   1.36
  7  3 -1  49.00  98.00   1.0215  0.9584   569.58   7  3 -1       0.1             12.1        12.11         0.00    0.00  4   1.36
  1  6 -3  49.03  98.05   1.0211  0.9592   570.03   1  6 -3       7.5            130.9       130.88         0.00    0.00  4   1.36
  5  1  7  49.03  98.06   1.0210  0.9593   570.08   5  1  7       6.4            121.2       121.19         0.00    0.00  4   1.36
  4  2 -9  49.06  98.13   1.0205  0.9603   570.70   4  2 -9       3.6             91.0        90.95         0.00    0.00  4   1.36
  6  2 -7  49.08  98.16   1.0202  0.9607   570.94   6  2 -7       0.0              9.8        -9.76         0.00  180.00  4   1.36
  7  3 -2  49.18  98.36   1.0187  0.9636   572.66   7  3 -2       4.2             97.3        97.34         0.00    0.00  4   1.36
  1  5  6  49.19  98.39   1.0185  0.9641   572.94   1  5  6       4.4            100.0       100.02         0.00    0.00  4   1.36
  0  4  8  49.20  98.40   1.0184  0.9642   573.03   0  4  8       0.4             29.3        29.35         0.00    0.00  4   1.36
  6  4 -3  49.26  98.51   1.0175  0.9659   574.03   6  4 -3       4.3             99.3        99.34         0.00    0.00  4   1.36
  7  2 -5  49.27  98.53   1.0174  0.9662   574.18   7  2 -5       0.1             16.1       -16.06         0.00  180.00  4   1.36
  6  4  1  49.35  98.71   1.0160  0.9687   575.71   6  4  1       6.5            121.9      -121.89         0.00  180.00  4   1.36
  6  2  5  49.37  98.74   1.0158  0.9692   575.98   6  2  5       0.9             44.5       -44.48         0.00  180.00  4   1.36
  8  0 -2  49.40  98.79   1.0154  0.9699   576.42   8  0 -2       3.6            128.5      -128.51         0.00  180.00  2   1.36
  3  1-10  49.40  98.79   1.0154  0.9699   576.43   3  1-10       0.9             46.1       -46.13         0.00  180.00  4   1.36
  4  5  3  49.40  98.80   1.0153  0.9701   576.53   4  5  3       3.7             92.3       -92.35         0.00  180.00  4   1.36
  7  1 -6  49.42  98.85   1.0150  0.9707   576.90   7  1 -6       0.1             16.6        16.60         0.00    0.00  4   1.36
  7  3  0  49.44  98.88   1.0147  0.9713   577.21   7  3  0       0.1             12.8        12.84         0.00    0.00  4   1.36
  1  1 10  49.46  98.92   1.0144  0.9718   577.54   1  1 10       0.3             25.1        25.12         0.00    0.00  4   1.36
  5  0 -9  49.52  99.05   1.0134  0.9737   578.64   5  0 -9       5.7            161.0      -161.01         0.00  180.00  2   1.36
  2  4 -8  49.60  99.19   1.0123  0.9758   579.90   2  4 -8       0.7             38.9       -38.86         0.00  180.00  4   1.36
  3  1  9  49.63  99.26   1.0119  0.9767   580.42   3  1  9      10.1            152.0       151.96         0.00    0.00  4   1.36
  1  6  3  49.67  99.34   1.0112  0.9779   581.16   1  6  3       5.5            112.1       112.08         0.00    0.00  4   1.36
  5  4  4  49.69  99.38   1.0109  0.9785   581.50   5  4  4      15.0            185.0      -185.00         0.00  180.00  4   1.36
  6  0 -8  49.75  99.50   1.0100  0.9802   582.54   6  0 -8       0.9             65.3       -65.27         0.00  180.00  2   1.36
  1  2-10  49.81  99.63   1.0091  0.9821   583.63   1  2-10       0.1             11.1        11.11         0.00    0.00  4   1.36
  2  6  2  49.82  99.63   1.0091  0.9821   583.65   2  6  2      12.9            171.3      -171.34         0.00  180.00  4   1.36
  5  5 -1  49.86  99.72   1.0084  0.9833   584.38   5  5 -1       5.3            109.5       109.45         0.00    0.00  4   1.36
  6  3 -6  49.86  99.72   1.0084  0.9834   584.44   6  3 -6       3.7             92.2        92.20         0.00    0.00  4   1.36
  8  0  0  49.88  99.75   1.0082  0.9838   584.68   8  0  0       5.6            159.8       159.77         0.00    0.00  2   1.37
  7  3 -3  49.98  99.96   1.0067  0.9868   586.45   7  3 -3       2.7             78.0        78.03         0.00    0.00  4   1.37