12.855100
12.855100
12.855100
90.000000
90.000000 
90.000000
1.5418
  H  K  L  THETA  2THETA D VALUE  1/D**2 SIN2*1000  H  K  L INTENSITY         /F(HKL)/       A(HKL)      B(HKL) PHA.ANG. MULT   LPG

  1  1  1   5.96  11.92   7.4219  0.0182    10.79   1  1  1     234.8            416.1       416.08         0.00    0.00  8  91.21
  2  2  0   9.77  19.53   4.5450  0.0484    28.77   2  2  0       0.0              2.3        -2.34         0.00  180.00 12  33.30
  3  1  1  11.47  22.94   3.8760  0.0666    39.56   3  1  1     115.5            329.5      -329.49         0.00  180.00 24  23.83
  2  2  2  11.99  23.98   3.7109  0.0726    43.15   2  2  2      76.1            485.4      -485.38         0.00  180.00  8  21.73
  4  0  0  13.88  27.76   3.2138  0.0968    57.54   4  0  0    1000.0           2370.0      2370.02         0.00    0.00  6  15.96
  3  3  1  15.15  30.31   2.9492  0.1150    68.33   3  3  1      39.6            258.9      -258.92         0.00  180.00 24  13.23
  4  2  2  17.08  34.17   2.6240  0.1452    86.31   4  2  2       0.0              2.1        -2.07         0.00  180.00 24  10.21
  5  1  1  18.16  36.31   2.4740  0.1634    97.10   5  1  1      65.1            403.9       403.94         0.00    0.00 24   8.94
  3  3  3  18.16  36.31   2.4740  0.1634    97.10   3  3  3       5.1            196.4       196.43         0.00    0.00  8   8.94
  4  4  0  19.83  39.66   2.2725  0.1936   115.08   4  4  0     760.8           2153.1      2153.11         0.00    0.00 12   7.36