4.108000
12.308000
9.331000
90.000000
90.000000
90.000000
1.5418
  H  K  L  THETA  2THETA D VALUE  1/D**2 SIN2*1000  H  K  L INTENSITY         /F(HKL)/       A(HKL)      B(HKL) PHA.ANG. MULT   LPG

  0  0  1   4.74   9.48   9.3310  0.0115     6.83   0  0  1       0.5              0.1         0.10         0.00    0.00  2 147.01
  0  1  1   5.95  11.90   7.4357  0.0181    10.75   0  1  1       0.0              0.0        -0.03         0.00  180.00  4  93.54
  0  2  0   7.20  14.39   6.1540  0.0264    15.69   0  2  0      19.3              0.9        -0.92         0.00  180.00  2  64.23
  0  2  1   8.63  17.26   5.1373  0.0379    22.52   0  2  1      20.0              0.8        -0.79         0.00  180.00  4  44.92
  0  0  2   9.51  19.02   4.6655  0.0459    27.30   0  0  2      12.3              1.0         0.96         0.00    0.00  2  37.14
  0  1  2  10.18  20.36   4.3626  0.0525    31.23   0  1  2       1.6              0.3        -0.26         0.00  180.00  4  32.54
  1  1  0  11.41  22.82   3.8967  0.0659    39.14   1  1  0       0.1              0.1        -0.06         0.00  180.00  4  26.07
  1  0  1  11.83  23.66   3.7598  0.0707    42.04   1  0  1     225.5              3.6        -3.61         0.00  180.00  4  24.30
  0  3  1  11.84  23.69   3.7557  0.0709    42.13   0  3  1     209.3              3.5        -3.48         0.00  180.00  4  24.25
  0  2  2  11.97  23.93   3.7179  0.0723    42.99   0  2  2      51.0              1.7        -1.73         0.00  180.00  4  23.78
  1  1  1  12.38  24.76   3.5957  0.0773    45.96   1  1  1       6.4              0.4        -0.45         0.00  180.00  8  22.27
  1  2  1  13.90  27.81   3.2084  0.0971    57.73   1  2  1       6.8              0.5        -0.52         0.00  180.00  8  17.84
  0  0  3  14.35  28.70   3.1103  0.1034    61.43   0  0  3     590.8              9.9         9.93         0.00    0.00  2  16.80
  1  0  2  14.48  28.96   3.0832  0.1052    62.52   1  0  2      77.1              2.6         2.56         0.00    0.00  4  16.52
  0  3  2  14.49  28.98   3.0809  0.1054    62.61   0  3  2      91.0              2.8         2.78         0.00    0.00  4  16.50
  0  4  0  14.51  29.02   3.0770  0.1056    62.77   0  4  0       0.2              0.2        -0.20         0.00  180.00  2  16.46
  0  1  3  14.81  29.62   3.0155  0.1100    65.35   0  1  3      29.3              1.6         1.61         0.00    0.00  4  15.83
  1  1  2  14.94  29.87   2.9907  0.1118    66.44   1  1  2       2.7              0.4         0.35         0.00    0.00  8  15.58
  0  4  1  15.30  30.59   2.9222  0.1171    69.59   0  4  1       8.0              0.9        -0.87         0.00  180.00  4  14.90
  1  3  0  15.40  30.80   2.9029  0.1187    70.52   1  3  0     120.4              3.4        -3.39         0.00  180.00  4  14.71
  0  2  3  16.12  32.25   2.7759  0.1298    77.12   0  2  3       9.5              1.0        -0.99         0.00  180.00  4  13.50
  1  3  1  16.15  32.30   2.7719  0.1302    77.35   1  3  1    1000.0              7.2         7.22         0.00    0.00  8  13.46
  1  2  2  16.24  32.48   2.7566  0.1316    78.21   1  2  2       2.0              0.3        -0.32         0.00  180.00  8  13.32
  0  4  2  17.46  34.93   2.5687  0.1516    90.07   0  4  2       0.4              0.2        -0.21         0.00  180.00  4  11.64
  1  0  3  18.11  36.22   2.4797  0.1626    96.65   1  0  3      17.5              1.5         1.50         0.00    0.00  4  10.89
  0  3  3  18.12  36.24   2.4786  0.1628    96.74   0  3  3      26.1              1.8         1.83         0.00    0.00  4  10.88
  1  3  2  18.23  36.45   2.4647  0.1646    97.83   1  3  2     609.0              6.3         6.30         0.00    0.00  8  10.76
  1  1  3  18.49  36.98   2.4309  0.1692   100.57   1  1  3       0.0              0.0         0.05         0.00    0.00  8  10.48
  1  4  1  18.89  37.78   2.3812  0.1764   104.81   1  4  1       0.0              0.0        -0.05         0.00  180.00  8  10.08
  0  5  1  18.90  37.80   2.3802  0.1765   104.90   0  5  1       3.7              0.7        -0.72         0.00  180.00  4  10.08
  0  0  4  19.30  38.59   2.3328  0.1838   109.21   0  0  4       0.3              0.3         0.27         0.00    0.00  2   9.70
  1  2  3  19.58  39.17   2.3000  0.1890   112.34   1  2  3      15.8              1.1         1.08         0.00    0.00  8   9.45
  0  1  4  19.65  39.31   2.2919  0.1904   113.13   0  1  4       1.7              0.5        -0.50         0.00  180.00  4   9.39
  0  4  3  20.64  41.27   2.1875  0.2090   124.20   0  4  3       0.0              0.1        -0.05         0.00  180.00  4   8.60
  0  2  4  20.70  41.39   2.1813  0.2102   124.90   0  2  4       0.5              0.3         0.29         0.00    0.00  4   8.56
  1  4  2  20.73  41.46   2.1779  0.2108   125.29   1  4  2      12.9              1.0         1.03         0.00    0.00  8   8.53
  0  5  2  20.74  41.48   2.1771  0.2110   125.38   0  5  2       0.1              0.1         0.13         0.00    0.00  4   8.53
  1  3  3  21.30  42.60   2.1222  0.2220   131.95   1  3  3      73.2              2.5        -2.51         0.00  180.00  8   8.13
  1  5  0  21.41  42.83   2.1115  0.2243   133.29   1  5  0      30.1              2.3        -2.29         0.00  180.00  4   8.06
  1  5  1  21.98  43.96   2.0595  0.2358   140.12   1  5  1      52.0              2.2        -2.18         0.00  180.00  8   7.70
  2  0  0  22.04  44.09   2.0540  0.2370   140.86   2  0  0     297.9             10.4       -10.44         0.00  180.00  2   7.66
  0  6  0  22.07  44.15   2.0513  0.2376   141.23   0  6  0     248.4              9.5        -9.55         0.00  180.00  2   7.64
  1  0  4  22.34  44.67   2.0285  0.2430   144.42   1  0  4     117.9              4.7        -4.70         0.00  180.00  4   7.49
  0  3  4  22.34  44.69   2.0279  0.2432   144.52   0  3  4      96.0              4.2        -4.24         0.00  180.00  4   7.48
  2  0  1  22.60  45.20   2.0060  0.2485   147.69   2  0  1       0.0              0.1        -0.09         0.00  180.00  4   7.33
  0  6  1  22.63  45.26   2.0035  0.2491   148.05   0  6  1       2.5              0.7         0.69         0.00    0.00  4   7.32
  1  1  4  22.65  45.31   2.0015  0.2496   148.35   1  1  4      19.7              1.4        -1.38         0.00  180.00  8   7.30
  2  1  1  22.92  45.83   1.9799  0.2551   151.61   2  1  1       0.0              0.0         0.03         0.00    0.00  8   7.16
  2  2  0  23.31  46.62   1.9483  0.2634   156.55   2  2  0       3.7              0.9         0.87         0.00    0.00  4   6.96
  1  4  3  23.53  47.06   1.9308  0.2682   159.41   1  4  3       6.3              0.8        -0.80         0.00  180.00  8   6.84
  0  5  3  23.54  47.08   1.9302  0.2684   159.51   0  5  3       8.6              1.3         1.33         0.00    0.00  4   6.84
  1  2  4  23.59  47.17   1.9265  0.2694   160.12   1  2  4      19.7              1.4        -1.42         0.00  180.00  8   6.81
  1  5  2  23.62  47.25   1.9237  0.2702   160.59   1  5  2      12.0              1.1        -1.11         0.00  180.00  8   6.80
  2  2  1  23.84  47.68   1.9072  0.2749   163.38   2  2  1       5.3              0.7         0.75         0.00    0.00  8   6.69
  2  0  2  24.21  48.42   1.8799  0.2830   168.16   2  0  2       3.8              0.9        -0.91         0.00  180.00  4   6.52
  0  6  2  24.24  48.48   1.8778  0.2836   168.53   0  6  2       0.1              0.1        -0.14         0.00  180.00  4   6.51
  0  0  5  24.40  48.80   1.8662  0.2871   170.64   0  0  5       8.1              1.9         1.88         0.00    0.00  2   6.44
1

  H  K  L  THETA  2THETA D VALUE  1/D**2 SIN2*1000  H  K  L INTENSITY         /F(HKL)/       A(HKL)      B(HKL) PHA.ANG. MULT   LPG

  0  4  4  24.50  49.00   1.8589  0.2894   171.98   0  4  4      12.1              1.6        -1.63         0.00  180.00  4   6.39
  2  1  2  24.51  49.02   1.8583  0.2896   172.09   2  1  2       0.6              0.2         0.25         0.00    0.00  8   6.39
  0  1  5  24.70  49.39   1.8451  0.2937   174.56   0  1  5       0.1              0.2        -0.18         0.00  180.00  4   6.31
  1  3  4  25.08  50.17   1.8184  0.3024   179.73   1  3  4     388.8              6.7         6.66         0.00    0.00  8   6.14
  2  3  1  25.33  50.65   1.8021  0.3079   183.00   2  3  1      92.7              3.3         3.28         0.00    0.00  8   6.05
  1  6  1  25.35  50.69   1.8007  0.3084   183.27   1  6  1      94.8              3.3         3.32         0.00    0.00  8   6.04
  2  2  2  25.39  50.78   1.7979  0.3094   183.86   2  2  2      22.9              1.6         1.63         0.00    0.00  8   6.02
  0  2  5  25.57  51.15   1.7859  0.3135   186.33   0  2  5      27.0              2.5        -2.52         0.00  180.00  4   5.95
  1  5  3  26.19  52.37   1.7470  0.3277   194.72   1  5  3      37.6              2.1        -2.15         0.00  180.00  8   5.72
  0  7  1  26.50  52.99   1.7279  0.3349   199.05   0  7  1       1.6              0.6        -0.63         0.00  180.00  4   5.61
  2  0  3  26.73  53.46   1.7140  0.3404   202.29   2  0  3     345.7              9.4        -9.36         0.00  180.00  4   5.53
  0  6  3  26.76  53.51   1.7124  0.3410   202.66   0  6  3     284.8              8.5        -8.50         0.00  180.00  4   5.53
  2  3  2  26.81  53.63   1.7090  0.3424   203.47   2  3  2      53.9              2.6        -2.62         0.00  180.00  8   5.51
  2  4  0  26.82  53.65   1.7083  0.3426   203.63   2  4  0       0.1              0.2         0.19         0.00    0.00  4   5.50
  1  6  2  26.83  53.66   1.7079  0.3428   203.75   1  6  2      47.4              2.5        -2.46         0.00  180.00  8   5.50
  1  0  5  26.98  53.96   1.6991  0.3464   205.86   1  0  5      16.5              2.1         2.06         0.00    0.00  4   5.45
  0  3  5  26.99  53.98   1.6987  0.3465   205.95   0  3  5      26.1              2.6         2.59         0.00    0.00  4   5.45
  2  1  3  27.01  54.02   1.6976  0.3470   206.22   2  1  3      17.9              1.5        -1.52         0.00  180.00  8   5.44
  1  4  4  27.08  54.15   1.6936  0.3486   207.19   1  4  4      10.2              1.1         1.15         0.00    0.00  8   5.42
  0  5  4  27.08  54.17   1.6932  0.3488   207.28   0  5  4       6.5              1.3        -1.30         0.00  180.00  4   5.42
  1  1  5  27.26  54.52   1.6831  0.3530   209.78   1  1  5       9.0              1.1         1.09         0.00    0.00  8   5.36
  2  4  1  27.31  54.61   1.6804  0.3541   210.46   2  4  1       5.1              0.8         0.82         0.00    0.00  8   5.35
  2  2  3  27.83  55.67   1.6511  0.3668   217.98   2  2  3       6.5              0.9         0.94         0.00    0.00  8   5.19
  0  7  2  27.94  55.88   1.6453  0.3694   219.53   0  7  2       2.0              0.7         0.73         0.00    0.00  4   5.16
  1  2  5  28.08  56.16   1.6378  0.3728   221.55   1  2  5       5.0              0.8        -0.83         0.00  180.00  8   5.12
  1  7  0  28.48  56.97   1.6164  0.3827   227.44   1  7  0       4.9              1.2        -1.17         0.00  180.00  4   5.00
  2  4  2  28.72  57.44   1.6042  0.3886   230.93   2  4  2       0.3              0.2         0.20         0.00    0.00  8   4.94
  0  4  5  28.89  57.78   1.5957  0.3928   233.41   0  4  5       0.8              0.5         0.49         0.00    0.00  4   4.89
  1  7  1  28.95  57.90   1.5927  0.3942   234.27   1  7  1       0.4              0.2        -0.25         0.00  180.00  8   4.88
  2  3  3  29.17  58.35   1.5815  0.3998   237.60   2  3  3      20.5              1.7        -1.73         0.00  180.00  8   4.82
  1  6  3  29.19  58.38   1.5806  0.4003   237.87   1  6  3      15.4              1.5        -1.50         0.00  180.00  8   4.82
  1  3  5  29.41  58.82   1.5698  0.4058   241.16   1  3  5     161.1              4.9         4.87         0.00    0.00  8   4.76
  1  5  4  29.50  59.00   1.5655  0.4081   242.50   1  5  4      67.3              3.2        -3.16         0.00  180.00  8   4.74
  0  0  6  29.72  59.43   1.5552  0.4135   245.72   0  0  6      86.4              7.2         7.19         0.00    0.00  2   4.69
  2  5  1  29.72  59.44   1.5550  0.4135   245.76   2  5  1       3.1              0.7         0.68         0.00    0.00  8   4.69
  0  1  6  29.98  59.95   1.5429  0.4201   249.64   0  1  6      22.3              2.6         2.60         0.00    0.00  4   4.62
  2  0  4  30.00  60.01   1.5416  0.4208   250.07   2  0  4       0.2              0.3        -0.26         0.00  180.00  4   4.62
  0  6  4  30.03  60.06   1.5405  0.4214   250.44   0  6  4       0.8              0.5         0.49         0.00    0.00  4   4.61
  0  8  0  30.07  60.14   1.5385  0.4225   251.07   0  8  0       8.5              2.3         2.28         0.00    0.00  2   4.60
  0  7  3  30.24  60.48   1.5306  0.4268   253.66   0  7  3       7.7              1.5        -1.53         0.00  180.00  4   4.56
  2  1  4  30.26  60.53   1.5296  0.4274   253.99   2  1  4       1.4              0.5         0.47         0.00    0.00  8   4.56
  1  7  2  30.31  60.63   1.5274  0.4287   254.75   1  7  2       3.3              0.7        -0.71         0.00  180.00  8   4.55
  0  8  1  30.52  61.04   1.5180  0.4340   257.90   0  8  1      20.9              2.5         2.55         0.00    0.00  4   4.50
  0  2  6  30.75  61.50   1.5078  0.4399   261.41   0  2  6       3.6              1.1        -1.07         0.00  180.00  4   4.45
  2  4  3  30.99  61.97   1.4974  0.4460   265.06   2  4  3       0.0              0.0         0.05         0.00    0.00  8   4.40
  2  2  4  31.03  62.06   1.4954  0.4472   265.76   2  2  4       0.5              0.3        -0.27         0.00  180.00  8   4.39
  2  5  2  31.06  62.13   1.4940  0.4480   266.24   2  5  2       0.1              0.1        -0.12         0.00  180.00  8   4.38
  1  4  5  31.22  62.44   1.4874  0.4520   268.62   1  4  5      13.6              1.5         1.48         0.00    0.00  8   4.35
  0  5  5  31.22  62.45   1.4871  0.4522   268.72   0  5  5       0.2              0.3        -0.25         0.00  180.00  4   4.35
  0  8  2  31.84  63.69   1.4611  0.4684   278.38   0  8  2      39.9              3.6         3.64         0.00    0.00  4   4.23
  1  0  6  32.01  64.02   1.4544  0.4727   280.94   1  0  6      11.6              2.0         1.97         0.00    0.00  4   4.20
  0  3  6  32.01  64.03   1.4542  0.4729   281.03   0  3  6      19.9              2.6         2.58         0.00    0.00  4   4.20
  2  6  0  32.08  64.16   1.4515  0.4747   282.09   2  6  0     241.6              9.0         9.00         0.00    0.00  4   4.18
  1  1  6  32.26  64.51   1.4444  0.4793   284.86   1  1  6       0.2              0.2         0.20         0.00    0.00  8   4.15
  2  3  4  32.29  64.58   1.4431  0.4802   285.38   2  3  4      94.5              4.0         4.00         0.00    0.00  8   4.15
  1  6  4  32.31  64.62   1.4424  0.4807   285.65   1  6  4     105.5              4.2         4.22         0.00    0.00  8   4.14
  1  7  3  32.51  65.02   1.4343  0.4861   288.87   1  7  3       9.3              1.3        -1.26         0.00  180.00  8   4.11
1

  H  K  L  THETA  2THETA D VALUE  1/D**2 SIN2*1000  H  K  L INTENSITY         /F(HKL)/       A(HKL)      B(HKL) PHA.ANG. MULT   LPG

  2  6  1  32.51  65.03   1.4342  0.4862   288.92   2  6  1       2.5              0.6        -0.65         0.00  180.00  8   4.10
  1  8  1  32.78  65.56   1.4239  0.4932   293.11   1  8  1       4.9              0.9         0.92         0.00    0.00  8   4.06
  1  2  6  33.00  66.00   1.4154  0.4991   296.63   1  2  6      16.2              1.7         1.68         0.00    0.00  8   4.02
  2  5  3  33.23  66.47   1.4066  0.5054   300.37   2  5  3       8.9              1.3        -1.25         0.00  180.00  8   3.98
  0  7  4  33.30  66.60   1.4041  0.5072   301.44   0  7  4       0.1              0.2        -0.20         0.00  180.00  4   3.97
  1  5  5  33.46  66.91   1.3983  0.5114   303.93   1  5  5       0.0              0.1        -0.07         0.00  180.00  8   3.94
  0  4  6  33.74  67.48   1.3880  0.5191   308.49   0  4  6       0.1              0.2         0.19         0.00    0.00  4   3.90
  2  6  2  33.80  67.59   1.3859  0.5206   309.39   2  6  2       0.1              0.1         0.13         0.00    0.00  8   3.89
  2  0  5  33.93  67.85   1.3812  0.5242   311.50   2  0  5       8.6              1.8        -1.77         0.00  180.00  4   3.87
  0  6  5  33.95  67.90   1.3804  0.5248   311.87   0  6  5       3.1              1.1        -1.06         0.00  180.00  4   3.87
  0  8  3  33.99  67.98   1.3790  0.5258   312.50   0  8  3      13.9              2.2         2.25         0.00    0.00  4   3.86
  2  4  4  34.01  68.02   1.3783  0.5264   312.84   2  4  4      13.0              1.5         1.54         0.00    0.00  8   3.86
  1  8  2  34.06  68.11   1.3766  0.5277   313.59   1  8  2       0.7              0.4        -0.37         0.00  180.00  8   3.85
  2  1  5  34.17  68.34   1.3726  0.5308   315.43   2  1  5       0.2              0.2         0.17         0.00    0.00  8   3.83
  1  3  6  34.22  68.44   1.3708  0.5321   316.24   1  3  6       1.6              0.5        -0.53         0.00  180.00  8   3.82
  3  1  0  34.50  69.01   1.3609  0.5399   320.86   3  1  0       0.0              0.1         0.05         0.00    0.00  4   3.78
  3  0  1  34.68  69.36   1.3548  0.5448   323.77   3  0  1      27.5              3.2         3.20         0.00    0.00  4   3.76
  0  9  1  34.73  69.46   1.3531  0.5462   324.59   0  9  1      25.2              3.1         3.07         0.00    0.00  4   3.75
  2  2  5  34.89  69.78   1.3477  0.5506   327.19   2  2  5      30.1              2.4         2.38         0.00    0.00  8   3.73
  3  1  1  34.92  69.84   1.3467  0.5514   327.69   3  1  1       0.8              0.4         0.40         0.00    0.00  8   3.72
  0  0  7  35.33  70.66   1.3330  0.5628   334.45   0  0  7       3.0              1.5         1.52         0.00    0.00  2   3.67
  1  7  4  35.47  70.93   1.3286  0.5665   336.65   1  7  4       1.1              0.5         0.45         0.00    0.00  8   3.65
  0  1  7  35.57  71.14   1.3253  0.5694   338.38   0  1  7       1.3              0.7        -0.72         0.00  180.00  4   3.63
  3  2  1  35.64  71.27   1.3231  0.5712   339.46   3  2  1       1.1              0.5         0.46         0.00    0.00  8   3.62
  2  7  1  35.66  71.33   1.3222  0.5720   339.92   2  7  1       1.8              0.6         0.60         0.00    0.00  8   3.62
  2  6  3  35.88  71.76   1.3153  0.5780   343.52   2  6  3     329.0              8.0         8.01         0.00    0.00  8   3.59
  1  4  6  35.89  71.78   1.3149  0.5783   343.70   1  4  6       6.1              1.1        -1.09         0.00  180.00  8   3.59
  0  5  6  35.90  71.80   1.3148  0.5785   343.80   0  5  6      12.2              2.2         2.18         0.00    0.00  4   3.59
  3  0  2  35.92  71.85   1.3139  0.5793   344.24   3  0  2      13.2              2.3        -2.27         0.00  180.00  4   3.59
  0  9  2  35.97  71.95   1.3123  0.5806   345.07   0  9  2      13.4              2.3        -2.29         0.00  180.00  4   3.58
  2  3  5  36.08  72.16   1.3090  0.5836   346.81   2  3  5      30.4              2.4        -2.44         0.00  180.00  8   3.57
  1  6  5  36.10  72.19   1.3085  0.5840   347.08   1  6  5      22.4              2.1        -2.10         0.00  180.00  8   3.57
  1  8  3  36.13  72.27   1.3073  0.5851   347.72   1  8  3       7.8              1.2        -1.24         0.00  180.00  8   3.56
  2  5  4  36.16  72.32   1.3065  0.5858   348.15   2  5  4       7.6              1.2         1.23         0.00    0.00  8   3.56
  3  1  2  36.16  72.32   1.3065  0.5859   348.17   3  1  2       0.5              0.3        -0.31         0.00  180.00  8   3.56
  0  2  7  36.28  72.56   1.3028  0.5892   350.15   0  2  7       4.0              1.3         1.26         0.00    0.00  4   3.54
  3  3  0  36.41  72.81   1.2989  0.5927   352.25   3  3  0      22.8              3.0         3.01         0.00    0.00  4   3.53
  1  9  0  36.45  72.90   1.2975  0.5940   352.98   1  9  0      44.9              4.2         4.23         0.00    0.00  4   3.52
  3  3  1  36.81  73.63   1.2865  0.6042   359.07   3  3  1     203.9              6.4        -6.41         0.00  180.00  8   3.48
  1  9  1  36.86  73.72   1.2852  0.6054   359.81   1  9  1     123.7              5.0        -5.00         0.00  180.00  8   3.47
  3  2  2  36.87  73.73   1.2849  0.6057   359.93   3  2  2       0.4              0.3         0.29         0.00    0.00  8   3.47
  0  8  4  36.89  73.77   1.2843  0.6062   360.28   0  8  4       4.2              1.3         1.29         0.00    0.00  4   3.47
  2  7  2  36.89  73.79   1.2841  0.6064   360.39   2  7  2       2.3              0.7        -0.69         0.00  180.00  8   3.47
  0  7  5  37.04  74.08   1.2797  0.6106   362.87   0  7  5       0.3              0.3         0.32         0.00    0.00  4   3.45
  1  0  7  37.45  74.89   1.2679  0.6220   369.67   1  0  7      57.4              4.9        -4.86         0.00  180.00  4   3.41
  0  3  7  37.45  74.90   1.2678  0.6222   369.76   0  3  7      41.9              4.2        -4.15         0.00  180.00  4   3.41
  1  1  7  37.68  75.36   1.2612  0.6286   373.59   1  1  7      24.0              2.2        -2.23         0.00  180.00  8   3.38
  2  4  5  37.72  75.44   1.2601  0.6298   374.27   2  4  5       1.0              0.5        -0.46         0.00  180.00  8   3.38
  3  0  3  37.96  75.92   1.2533  0.6367   378.37   3  0  3       4.3              1.3        -1.33         0.00  180.00  4   3.35
  1  5  6  38.00  76.00   1.2522  0.6378   379.01   1  5  6      16.3              1.8        -1.84         0.00  180.00  8   3.35
  0  9  3  38.01  76.02   1.2519  0.6381   379.20   0  9  3       4.6              1.4        -1.39         0.00  180.00  4   3.35
  3  3  2  38.03  76.06   1.2513  0.6387   379.55   3  3  2     149.3              5.6        -5.59         0.00  180.00  8   3.34
  1  9  2  38.07  76.15   1.2501  0.6399   380.28   1  9  2      83.7              4.2        -4.19         0.00  180.00  8   3.34
  3  1  3  38.19  76.38   1.2468  0.6433   382.29   3  1  3       0.0              0.0        -0.04         0.00  180.00  8   3.33
  1  2  7  38.37  76.75   1.2418  0.6484   385.36   1  2  7      18.0              2.0        -1.95         0.00  180.00  8   3.31
  3  4  1  38.44  76.88   1.2399  0.6504   386.53   3  4  1       0.0              0.0         0.04         0.00    0.00  8   3.30
  2  0  6  38.44  76.89   1.2399  0.6505   386.58   2  0  6     108.2              6.8        -6.78         0.00  180.00  4   3.30
1

  H  K  L  THETA  2THETA D VALUE  1/D**2 SIN2*1000  H  K  L INTENSITY         /F(HKL)/       A(HKL)      B(HKL) PHA.ANG. MULT   LPG

  0  6  6  38.47  76.93   1.2393  0.6511   386.95   0  6  6      85.5              6.0        -6.02         0.00  180.00  4   3.30
  2  1  6  38.68  77.35   1.2336  0.6571   390.51   2  1  6      28.1              2.5        -2.45         0.00  180.00  8   3.28
  2  6  4  38.72  77.44   1.2324  0.6584   391.30   2  6  4       1.0              0.5        -0.47         0.00  180.00  8   3.28
  2  8  0  38.76  77.52   1.2314  0.6595   391.94   2  8  0      10.7              2.1        -2.14         0.00  180.00  4   3.27
  0 10  0  38.78  77.56   1.2308  0.6601   392.30   0 10  0       0.1              0.3        -0.25         0.00  180.00  2   3.27
  3  2  3  38.88  77.77   1.2280  0.6631   394.06   3  2  3       4.3              1.0        -0.96         0.00  180.00  8   3.26
  2  7  3  38.91  77.82   1.2273  0.6639   394.52   2  7  3       9.7              1.4         1.44         0.00    0.00  8   3.26
  1  8  4  38.97  77.94   1.2258  0.6655   395.50   1  8  4       9.0              1.4         1.39         0.00    0.00  8   3.25
  0  4  7  39.07  78.14   1.2232  0.6684   397.22   0  4  7      12.6              2.3        -2.34         0.00  180.00  4   3.24
  1  7  5  39.12  78.24   1.2218  0.6699   398.08   1  7  5       6.1              1.2        -1.15         0.00  180.00  8   3.24
  2  8  1  39.16  78.32   1.2208  0.6710   398.76   2  8  1      26.7              2.4        -2.40         0.00  180.00  8   3.23
  0 10  1  39.18  78.36   1.2202  0.6716   399.13   0 10  1       1.8              0.9         0.89         0.00    0.00  4   3.23
  2  2  6  39.36  78.73   1.2154  0.6769   402.28   2  2  6       4.7              1.0         1.01         0.00    0.00  8   3.22
  1  3  7  39.52  79.04   1.2114  0.6814   404.98   1  3  7      99.1              4.7         4.66         0.00    0.00  8   3.20
  3  4  2  39.64  79.28   1.2084  0.6849   407.01   3  4  2       3.8              0.9        -0.91         0.00  180.00  8   3.19
  2  5  5  39.79  79.58   1.2046  0.6892   409.58   2  5  5       0.3              0.2         0.24         0.00    0.00  8   3.18
  3  3  3  40.03  80.06   1.1986  0.6961   413.68   3  3  3      22.4              2.2         2.23         0.00    0.00  8   3.16
  1  9  3  40.07  80.14   1.1975  0.6973   414.41   1  9  3      52.6              3.4         3.42         0.00    0.00  8   3.15
  3  5  0  40.11  80.21   1.1966  0.6983   415.02   3  5  0       9.3              2.0         2.03         0.00    0.00  4   3.15
  2  8  2  40.35  80.70   1.1906  0.7054   419.24   2  8  2      52.5              3.4        -3.43         0.00  180.00  8   3.13
  0 10  2  40.37  80.75   1.1901  0.7061   419.60   0 10  2       0.7              0.6         0.56         0.00    0.00  4   3.13
  0  8  5  40.50  80.99   1.1871  0.7096   421.71   0  8  5      42.9              4.4         4.39         0.00    0.00  4   3.12
  3  5  1  40.50  81.01   1.1869  0.7098   421.84   3  5  1      16.6              1.9         1.93         0.00    0.00  8   3.12
  2  3  6  40.51  81.01   1.1869  0.7099   421.89   2  3  6      26.2              2.4        -2.43         0.00  180.00  8   3.12
  1  6  6  40.52  81.04   1.1865  0.7104   422.17   1  6  6      18.1              2.0        -2.02         0.00  180.00  8   3.12
  3  0  4  40.75  81.51   1.1809  0.7171   426.15   3  0  4      38.5              4.2         4.17         0.00    0.00  4   3.10
  0  9  4  40.80  81.60   1.1798  0.7185   426.97   0  9  4      33.6              3.9         3.90         0.00    0.00  4   3.09
  3  1  4  40.98  81.96   1.1755  0.7237   430.07   3  1  4       6.6              1.2         1.22         0.00    0.00  8   3.08
  1  4  7  41.12  82.23   1.1723  0.7277   432.44   1  4  7      17.0              2.0         1.97         0.00    0.00  8   3.07
  0  5  7  41.12  82.24   1.1722  0.7278   432.53   0  5  7       5.3              1.6        -1.55         0.00  180.00  4   3.07
  1 10  1  41.23  82.45   1.1697  0.7309   434.34   1 10  1       1.6              0.6         0.61         0.00    0.00  8   3.06
  0  0  8  41.37  82.74   1.1664  0.7351   436.84   0  0  8       4.3              2.0         1.99         0.00    0.00  2   3.05
  0  7  6  41.44  82.87   1.1649  0.7369   437.95   0  7  6      12.7              2.4        -2.42         0.00  180.00  4   3.05
  0  1  8  41.60  83.20   1.1612  0.7417   440.76   0  1  8       0.0              0.1         0.06         0.00    0.00  4   3.03
  3  4  3  41.62  83.24   1.1607  0.7423   441.14   3  4  3       2.2              0.7         0.71         0.00    0.00  8   3.03
  3  2  4  41.66  83.32   1.1598  0.7435   441.84   3  2  4       6.9              1.3         1.26         0.00    0.00  8   3.03
  2  7  4  41.69  83.37   1.1591  0.7443   442.30   2  7  4       0.2              0.2         0.19         0.00    0.00  8   3.03
  3  5  2  41.69  83.38   1.1591  0.7443   442.32   3  5  2       4.2              1.0         0.99         0.00    0.00  8   3.03
  2  4  6  42.09  84.19   1.1500  0.7561   449.35   2  4  6       0.1              0.2        -0.18         0.00  180.00  8   3.00
  0  2  8  42.28  84.55   1.1460  0.7615   452.53   0  2  8      20.9              3.1        -3.13         0.00  180.00  4   2.99
  2  6  5  42.29  84.58   1.1457  0.7618   452.73   2  6  5       4.3              1.0         1.00         0.00    0.00  8   2.99
  2  8  3  42.32  84.65   1.1449  0.7629   453.37   2  8  3      19.1              2.1        -2.12         0.00  180.00  8   2.98
  0 10  3  42.35  84.69   1.1445  0.7635   453.73   0 10  3       0.3              0.4        -0.39         0.00  180.00  4   2.98
  1 10  2  42.41  84.82   1.1431  0.7653   454.82   1 10  2       8.4              1.4        -1.41         0.00  180.00  8   2.98
  1  8  5  42.53  85.06   1.1404  0.7689   456.93   1  8  5       0.0              0.1         0.08         0.00    0.00  8   2.97
  3  3  4  42.79  85.58   1.1348  0.7765   461.46   3  3  4     147.4              5.9        -5.92         0.00  180.00  8   2.95
  1  9  4  42.83  85.66   1.1339  0.7777   462.19   1  9  4      89.4              4.6        -4.61         0.00  180.00  8   2.95
  3  6  1  42.99  85.99   1.1305  0.7824   464.99   3  6  1      36.4              2.9        -2.95         0.00  180.00  8   2.94
  2  9  1  43.02  86.04   1.1300  0.7832   465.45   2  9  1      35.1              2.9        -2.89         0.00  180.00  8   2.94
  1  5  7  43.15  86.30   1.1272  0.7871   467.74   1  5  7      61.0              3.8        -3.82         0.00  180.00  8   2.93
  1  0  8  43.40  86.80   1.1220  0.7943   472.05   1  0  8       6.3              1.7         1.75         0.00    0.00  4   2.92
  0  3  8  43.40  86.81   1.1219  0.7945   472.14   0  3  8      12.9              2.5         2.49         0.00    0.00  4   2.92
  1  7  6  43.46  86.92   1.1207  0.7962   473.16   1  7  6       7.3              1.3        -1.33         0.00  180.00  8   2.91
  2  0  7  43.59  87.17   1.1182  0.7998   475.32   2  0  7       4.3              1.4        -1.43         0.00  180.00  4   2.90
  0  6  7  43.61  87.21   1.1177  0.8004   475.68   0  6  7       1.2              0.8        -0.75         0.00  180.00  4   2.90
  1  1  8  43.62  87.25   1.1174  0.8009   475.98   1  1  8      13.1              1.8         1.78         0.00    0.00  8   2.90
  3  5  3  43.65  87.30   1.1168  0.8017   476.45   3  5  3      15.0              1.9         1.91         0.00    0.00  8   2.90
1

  H  K  L  THETA  2THETA D VALUE  1/D**2 SIN2*1000  H  K  L INTENSITY         /F(HKL)/       A(HKL)      B(HKL) PHA.ANG. MULT   LPG

  2  1  7  43.81  87.62   1.1136  0.8064   479.24   2  1  7       1.9              0.7         0.68         0.00    0.00  8   2.89
  0 11  1  43.94  87.88   1.1110  0.8102   481.51   0 11  1       2.6              1.1         1.13         0.00    0.00  4   2.88
  2  5  6  44.12  88.24   1.1073  0.8155   484.66   2  5  6      17.3              2.1        -2.05         0.00  180.00  8   2.87
  3  6  2  44.17  88.33   1.1064  0.8169   485.47   3  6  2      19.5              2.2         2.18         0.00    0.00  8   2.87
  2  9  2  44.19  88.39   1.1059  0.8177   485.93   2  9  2      19.0              2.2         2.15         0.00    0.00  8   2.87
  3  0  5  44.29  88.58   1.1040  0.8204   487.58   3  0  5       6.9              1.8        -1.83         0.00  180.00  4   2.87
  1  2  8  44.30  88.60   1.1038  0.8207   487.74   1  2  8       4.8              1.1        -1.08         0.00  180.00  8   2.86
  0  9  5  44.34  88.67   1.1031  0.8218   488.40   0  9  5       7.9              2.0        -1.97         0.00  180.00  4   2.86
  3  4  4  44.37  88.73   1.1025  0.8227   488.92   3  4  4       4.3              1.0        -1.02         0.00  180.00  8   2.86
  1 10  3  44.37  88.73   1.1025  0.8227   488.95   1 10  3       1.6              0.6         0.63         0.00    0.00  8   2.86
  2  2  7  44.48  88.97   1.1002  0.8262   491.01   2  2  7       5.8              1.2        -1.19         0.00  180.00  8   2.85
  3  1  5  44.51  89.03   1.0996  0.8270   491.50   3  1  5       3.8              1.0        -0.96         0.00  180.00  8   2.85
  0  8  6  44.82  89.63   1.0937  0.8360   496.79   0  8  6       9.0              2.1         2.11         0.00    0.00  4   2.84
  0  4  8  44.98  89.95   1.0906  0.8407   499.61   0  4  8       3.4              1.3         1.29         0.00    0.00  4   2.83
  2  8  4  45.07  90.13   1.0890  0.8433   501.15   2  8  4       6.0              1.2        -1.22         0.00  180.00  8   2.83
  0 10  4  45.09  90.17   1.0886  0.8439   501.51   0 10  4       3.8              1.4         1.36         0.00    0.00  4   2.82
  0 11  2  45.11  90.23   1.0881  0.8447   501.99   0 11  2       0.4              0.4        -0.43         0.00  180.00  4   2.82
  3  2  5  45.19  90.37   1.0867  0.8469   503.27   3  2  5       2.2              0.7         0.74         0.00    0.00  8   2.82
  2  7  5  45.21  90.43   1.0862  0.8476   503.73   2  7  5       0.4              0.3        -0.30         0.00  180.00  8   2.82
  1  3  8  45.42  90.84   1.0823  0.8537   507.36   1  3  8      59.8              3.9         3.86         0.00    0.00  8   2.81
  3  7  0  45.53  91.05   1.0804  0.8568   509.17   3  7  0       2.2              1.0         1.04         0.00    0.00  4   2.80
  1 11  0  45.57  91.13   1.0796  0.8580   509.90   1 11  0      24.1              3.5         3.47         0.00    0.00  4   2.80
  2  3  7  45.61  91.22   1.0788  0.8592   510.62   2  3  7      61.2              3.9         3.91         0.00    0.00  8   2.80
  1  6  7  45.62  91.25   1.0785  0.8597   510.90   1  6  7      73.5              4.3         4.29         0.00    0.00  8   2.80
  3  7  1  45.92  91.83   1.0732  0.8683   515.99   3  7  1       0.2              0.2         0.22         0.00    0.00  8   2.79
  1 11  1  45.96  91.92   1.0724  0.8695   516.73   1 11  1      37.4              3.1         3.07         0.00    0.00  8   2.78
  3  6  3  46.12  92.25   1.0695  0.8743   519.60   3  6  3       7.0              1.3         1.33         0.00    0.00  8   2.78
  2  9  3  46.15  92.30   1.0690  0.8751   520.06   2  9  3       6.8              1.3         1.31         0.00    0.00  8   2.78
  3  3  5  46.31  92.62   1.0661  0.8799   522.89   3  3  5      73.9              4.3        -4.33         0.00  180.00  8   2.77
  1  9  5  46.35  92.71   1.0653  0.8811   523.62   1  9  5      36.3              3.0        -3.03         0.00  180.00  8   2.77
  3  5  4  46.39  92.78   1.0647  0.8821   524.23   3  5  4      31.0              2.8         2.80         0.00    0.00  8   2.77
  0  7  7  46.53  93.06   1.0622  0.8862   526.68   0  7  7       0.0              0.1         0.06         0.00    0.00  4   2.76
  2  6  6  46.59  93.19   1.0611  0.8881   527.81   2  6  6     126.8              5.7         5.68         0.00    0.00  8   2.76
  1  8  6  46.84  93.67   1.0569  0.8952   532.01   1  8  6      16.9              2.1        -2.08         0.00  180.00  8   2.75
  2 10  0  46.90  93.80   1.0558  0.8972   533.16   2 10  0       0.1              0.2         0.24         0.00    0.00  4   2.75
  1  4  8  47.00  93.99   1.0541  0.8999   534.82   1  4  8       9.6              1.6         1.57         0.00    0.00  8   2.74
  0  5  8  47.00  94.00   1.0540  0.9001   534.91   0  5  8       0.4              0.5        -0.48         0.00  180.00  4   2.74
  0 11  3  47.07  94.14   1.0529  0.9021   536.12   0 11  3       1.8              1.0        -0.96         0.00  180.00  4   2.74
  3  7  2  47.09  94.18   1.0525  0.9027   536.47   3  7  2       1.6              0.6         0.63         0.00    0.00  8   2.74
  1 10  4  47.11  94.21   1.0523  0.9031   536.73   1 10  4       1.0              0.5        -0.51         0.00  180.00  8   2.74
  1 11  2  47.13  94.27   1.0518  0.9039   537.20   1 11  2      14.5              1.9         1.93         0.00    0.00  8   2.74
  2  4  7  47.18  94.37   1.0509  0.9054   538.08   2  4  7      18.9              2.2         2.20         0.00    0.00  8   2.73
  2 10  1  47.29  94.59   1.0491  0.9086   539.99   2 10  1       2.8              0.8        -0.84         0.00  180.00  8   2.73
  3  4  5  47.89  95.78   1.0392  0.9261   550.35   3  4  5       6.7              1.3        -1.31         0.00  180.00  8   2.71
  0  0  9  48.04  96.07   1.0368  0.9303   552.87   0  0  9      18.1              4.3         4.33         0.00    0.00  2   2.70
  0  1  9  48.26  96.52   1.0331  0.9369   556.80   0  1  9      15.6              2.8         2.84         0.00    0.00  4   2.70
  2 10  2  48.47  96.95   1.0297  0.9431   560.47   2 10  2       1.1              0.5        -0.53         0.00  180.00  8   2.69
  1  7  7  48.56  97.11   1.0284  0.9455   561.90   1  7  7       6.1              1.3         1.26         0.00    0.00  8   2.69
  2  8  5  48.59  97.19   1.0278  0.9466   562.58   2  8  5      65.7              4.1        -4.14         0.00  180.00  8   2.69
  3  0  6  48.60  97.20   1.0277  0.9468   562.66   3  0  6       5.9              1.7        -1.75         0.00  180.00  4   2.69
  0 10  5  48.62  97.23   1.0275  0.9473   562.94   0 10  5       0.0              0.1         0.11         0.00    0.00  4   2.69
  4  0  0  48.65  97.29   1.0270  0.9481   563.45   4  0  0      73.2              8.7         8.74         0.00    0.00  2   2.69
  0  9  6  48.65  97.29   1.0270  0.9482   563.49   0  9  6       6.6              1.9        -1.86         0.00  180.00  4   2.69
  0 12  0  48.73  97.46   1.0257  0.9506   564.92   0 12  0      37.5              6.3         6.26         0.00    0.00  2   2.68
  3  1  6  48.83  97.65   1.0242  0.9534   566.58   3  1  6       0.1              0.2        -0.18         0.00  180.00  8   2.68
  3  6  4  48.87  97.74   1.0234  0.9547   567.38   3  6  4      53.8              3.8        -3.75         0.00  180.00  8   2.68
  2  9  4  48.90  97.80   1.0230  0.9555   567.84   2  9  4      51.7              3.7        -3.68         0.00  180.00  8   2.68
1

  H  K  L  THETA  2THETA D VALUE  1/D**2 SIN2*1000  H  K  L INTENSITY         /F(HKL)/       A(HKL)      B(HKL) PHA.ANG. MULT   LPG

  0  2  9  48.94  97.88   1.0224  0.9567   568.56   0  2  9       1.6              0.9        -0.90         0.00  180.00  4   2.68
  1  5  8  49.03  98.06   1.0210  0.9593   570.13   1  5  8       2.6              0.8         0.83         0.00    0.00  8   2.68
  4  0  1  49.04  98.08   1.0208  0.9596   570.28   4  0  1       0.0              0.1         0.08         0.00    0.00  4   2.67
  3  7  3  49.06  98.12   1.0205  0.9601   570.60   3  7  3       4.8              1.1         1.12         0.00    0.00  8   2.67
  1 11  3  49.10  98.20   1.0199  0.9614   571.33   1 11  3      42.5              3.3         3.34         0.00    0.00  8   2.67
  0 12  1  49.12  98.25   1.0195  0.9621   571.74   0 12  1       7.8              2.0        -2.03         0.00  180.00  4   2.67
  2  5  7  49.22  98.44   1.0181  0.9648   573.39   2  5  7       8.1              1.5         1.46         0.00    0.00  8   2.67
  4  1  1  49.27  98.53   1.0173  0.9662   574.20   4  1  1       0.0              0.0        -0.02         0.00  180.00  8   2.67
  3  8  1  49.30  98.61   1.0168  0.9673   574.84   3  8  1       2.5              0.8        -0.82         0.00  180.00  8   2.67
  2  0  8  49.47  98.94   1.0143  0.9721   577.70   2  0  8       6.7              1.9        -1.87         0.00  180.00  4   2.66
  0  6  8  49.49  98.98   1.0139  0.9727   578.07   0  6  8       3.1              1.3        -1.28         0.00  180.00  4   2.66
  3  2  6  49.51  99.02   1.0137  0.9732   578.35   3  2  6       8.5              1.5        -1.49         0.00  180.00  8   2.66
  2  7  6  49.53  99.07   1.0133  0.9740   578.81   2  7  6      19.7              2.3         2.28         0.00    0.00  8   2.66
  4  2  0  49.55  99.11   1.0130  0.9745   579.14   4  2  0       1.0              0.7        -0.72         0.00  180.00  4   2.66
  2  1  8  49.70  99.40   1.0108  0.9787   581.62   2  1  8       0.0              0.1        -0.06         0.00  180.00  8   2.66
  0 11  4  49.83  99.66   1.0089  0.9825   583.90   0 11  4       5.4              1.7         1.69         0.00    0.00  4   2.65
  0  8  7  49.92  99.85   1.0075  0.9853   585.53   0  8  7       0.0              0.2         0.16         0.00    0.00  4   2.65
  3  5  5  49.93  99.86   1.0073  0.9855   585.66   3  5  5       0.0              0.1         0.06         0.00    0.00  8   2.65
  4  2  1  49.95  99.90   1.0071  0.9860   585.97   4  2  1       1.5              0.6        -0.62         0.00  180.00  8   2.65


