11.426000
11.023000
16.725000
90.000000
90.000000
90.000000
1.5418
  H  K  L  THETA  2THETA D VALUE  1/D**2 SIN2*1000  H  K  L INTENSITY         /F(HKL)/       A(HKL)      B(HKL) PHA.ANG. MULT   LPG

  0  0  2   5.29  10.58   8.3625  0.0143     8.50   0  0  2       0.0              0.1         0.14         0.00    0.00  2 118.18
  1  1  0   5.58  11.15   7.9331  0.0159     9.44   1  1  0       0.9              0.5         0.46         0.00    0.00  4 106.40
  1  1  1   6.17  12.35   7.1677  0.0195    11.57   1  1  1      39.7              2.4        -1.76        -1.62 -137.37  8  86.95
  1  1  2   7.70  15.40   5.7554  0.0302    17.94   1  1  2       0.4              0.3         0.11         0.27   67.15  8  56.24
  2  0  0   7.76  15.51   5.7130  0.0306    18.21   2  0  0       0.0              0.0         0.02         0.00    0.00  2  55.43
  0  2  0   8.04  16.08   5.5115  0.0329    19.56   0  2  0       0.0              0.0         0.01         0.00    0.00  2  51.62
  2  0  1   8.20  16.40   5.4063  0.0342    20.33   2  0  1       0.0              0.1         0.00         0.13   90.00  4  49.69
  0  2  1   8.47  16.94   5.2346  0.0365    21.69   0  2  1       5.1              1.7        -1.66         0.00 -180.00  4  46.62
  2  0  2   9.41  18.81   4.7173  0.0449    26.71   2  0  2     208.0             11.7        11.70         0.00    0.00  4  37.95
  0  2  2   9.64  19.29   4.6019  0.0472    28.06   0  2  2      82.2              7.5         7.54         0.00    0.00  4  36.15
  1  1  3   9.73  19.46   4.5613  0.0481    28.56   1  1  3      32.0              3.4        -2.77         1.88  145.82  8  35.52
  0  0  4  10.62  21.25   4.1813  0.0572    33.99   0  0  4      81.3             11.6        11.65         0.00    0.00  2  29.93
  2  0  3  11.14  22.28   3.9900  0.0628    37.33   2  0  3       0.5              0.7         0.00         0.69   90.00  4  27.30
  2  2  0  11.21  22.41   3.9665  0.0636    37.77   2  2  0      18.2              4.1         4.10         0.00    0.00  4  26.99
  0  2  3  11.34  22.69   3.9195  0.0651    38.68   0  2  3       0.1              0.2        -0.23         0.00 -180.00  4  26.36
  2  2  1  11.52  23.04   3.8595  0.0671    39.90   2  2  1       0.1              0.2        -0.13         0.21  121.14  8  25.58
  1  1  4  12.03  24.06   3.6989  0.0731    43.44   1  1  4       0.4              0.4        -0.40         0.20  153.79  8  23.54
  3  1  0  12.37  24.73   3.5998  0.0772    45.86   3  1  0       0.0              0.2         0.19         0.00    0.00  4  22.32
  2  2  2  12.42  24.84   3.5838  0.0779    46.27   2  2  2       1.7              1.0        -0.05        -0.97  -92.72  8  22.13
  3  1  1  12.65  25.31   3.5192  0.0807    47.98   3  1  1      22.9              3.7         2.47        -2.70  -47.51  8  21.36
  1  3  0  12.73  25.46   3.4979  0.0817    48.57   1  3  0       0.3              0.6        -0.63         0.00  180.00  4  21.11
  1  3  1  13.01  26.02   3.4238  0.0853    50.70   1  3  1       1.0              0.8         0.24        -0.73  -71.83  8  20.25
  2  0  4  13.21  26.41   3.3741  0.0878    52.20   2  0  4       0.1              0.4         0.43         0.00    0.00  4  19.68
  0  2  4  13.38  26.76   3.3311  0.0901    53.56   0  2  4       0.3              0.6         0.60         0.00    0.00  4  19.19
  3  1  2  13.48  26.96   3.3065  0.0915    54.36   3  1  2       0.7              0.7         0.35         0.56   57.81  8  18.92
  2  2  3  13.80  27.60   3.2320  0.0957    56.89   2  2  3       3.1              1.5        -1.16         0.88  142.69  8  18.10
  1  3  2  13.82  27.64   3.2270  0.0960    57.07   1  3  2       6.0              2.0        -0.56         1.95  105.97  8  18.05
  1  1  5  14.48  28.97   3.0822  0.1053    62.56   1  1  5       9.7              2.7        -2.30        -1.44 -147.90  8  16.51
  3  1  3  14.77  29.54   3.0242  0.1093    64.98   3  1  3      65.3              7.2         5.30         4.81   42.23  8  15.92
  1  3  3  15.08  30.16   2.9630  0.1139    67.69   1  3  3      14.4              3.4         1.83         2.91   57.87  8  15.30
  2  0  5  15.49  30.98   2.8866  0.1200    71.32   2  0  5       0.0              0.2         0.00        -0.17  -90.00  4  14.55
  2  2  4  15.54  31.08   2.8777  0.1208    71.76   2  2  4    1000.0             29.4        29.39        -0.07   -0.13  8  14.46
  0  2  5  15.64  31.28   2.8596  0.1223    72.68   0  2  5       7.0              3.5         3.51         0.00    0.00  4  14.29
  4  0  0  15.66  31.31   2.8565  0.1226    72.83   4  0  0     127.9             21.2        21.17         0.00    0.00  2  14.26
  4  0  1  15.89  31.78   2.8157  0.1261    74.96   4  0  1       0.6              1.0         0.00         1.03   90.00  4  13.87
  0  0  6  16.05  32.11   2.7875  0.1287    76.48   0  0  6       0.0              0.4        -0.40         0.00 -180.00  2  13.61
  0  4  0  16.24  32.49   2.7557  0.1317    78.26   0  4  0     226.3             29.2        29.15         0.00    0.00  2  13.31
  3  1  4  16.41  32.83   2.7281  0.1344    79.85   3  1  4      19.7              4.3        -0.15         4.33   91.95  8  13.06
  0  4  1  16.47  32.94   2.7191  0.1353    80.38   0  4  1       1.1              1.5         1.47         0.00    0.00  4  12.97
  4  0  2  16.57  33.14   2.7031  0.1369    81.33   4  0  2       0.1              0.5        -0.46         0.00 -180.00  4  12.83
  1  3  4  16.70  33.40   2.6829  0.1389    82.56   1  3  4       8.6              2.9         1.66         2.40   55.26  8  12.65
  3  3  0  16.95  33.90   2.6444  0.1430    84.99   3  3  0       1.6              1.8         1.81         0.00    0.00  4  12.30
  1  1  6  17.05  34.09   2.6299  0.1446    85.93   1  1  6      27.2              5.3         0.38        -5.27  -85.88  8  12.17
  0  4  2  17.13  34.26   2.6173  0.1460    86.75   0  4  2       0.0              0.0        -0.01         0.00  180.00  4  12.06
  3  3  1  17.17  34.33   2.6119  0.1466    87.11   3  3  1     846.0             29.7       -20.52       -21.41 -133.79  8  12.01
  2  2  5  17.55  35.09   2.5571  0.1529    90.89   2  2  5       3.9              2.0        -1.81        -0.94 -152.50  8  11.54
  4  0  3  17.65  35.30   2.5422  0.1547    91.95   4  0  3       6.9              3.9         0.00        -3.89  -90.00  4  11.41
  4  2  0  17.70  35.39   2.5361  0.1555    92.40   4  2  0       0.0              0.2        -0.20         0.00 -180.00  4  11.36
  3  3  2  17.80  35.61   2.5213  0.1573    93.49   3  3  2       0.1              0.4        -0.35         0.07  168.15  8  11.23
  4  2  1  17.91  35.81   2.5075  0.1591    94.52   4  2  1       6.0              2.6         2.43        -0.90  -20.29  8  11.12
  2  0  6  17.92  35.84   2.5052  0.1593    94.69   2  0  6       0.1              0.4        -0.44         0.00  180.00  4  11.10
  0  2  6  18.05  36.11   2.4875  0.1616    96.05   0  2  6     152.5             18.7       -18.66         0.00  180.00  4  10.95
  2  4  0  18.09  36.19   2.4821  0.1623    96.46   2  4  0       0.2              0.6         0.62         0.00    0.00  4  10.91
  0  4  3  18.18  36.37   2.4704  0.1639    97.38   0  4  3       3.9              3.0        -3.00         0.00  180.00  4  10.81
  2  4  1  18.30  36.60   2.4552  0.1659    98.59   2  4  1       0.8              1.0         0.90         0.35   21.19  8  10.68
  3  1  5  18.34  36.67   2.4504  0.1665    98.97   3  1  5     749.1             29.7       -20.99        20.95  135.05  8  10.64
  4  2  2  18.52  37.04   2.4270  0.1698   100.89   4  2  2      99.7             10.9       -10.92        -0.13 -179.30  8  10.45
1

  H  K  L  THETA  2THETA D VALUE  1/D**2 SIN2*1000  H  K  L INTENSITY         /F(HKL)/       A(HKL)      B(HKL) PHA.ANG. MULT   LPG

  1  3  5  18.60  37.19   2.4175  0.1711   101.68   1  3  5       1.2              1.2        -1.02        -0.63 -148.31  8  10.38
  3  3  3  18.82  37.65   2.3892  0.1752   104.11   3  3  3     234.6             17.0        12.00       -12.04  -45.08  8  10.15
  2  4  2  18.90  37.81   2.3795  0.1766   104.96   2  4  2      24.3              5.5        -5.40         1.03  169.19  8  10.07
  4  0  4  19.08  38.15   2.3586  0.1798   106.83   4  0  4       7.1              4.2         4.24         0.00    0.00  4   9.91
  4  2  3  19.51  39.02   2.3085  0.1876   111.52   4  2  3       6.2              2.8        -0.82         2.73  106.68  8   9.51
  0  4  4  19.57  39.15   2.3010  0.1889   112.25   0  4  4     365.1             31.1       -31.06         0.00  180.00  4   9.46
  1  1  7  19.69  39.38   2.2878  0.1911   113.55   1  1  7      19.3              5.1        -3.91         3.24  140.39  8   9.35
  2  2  6  19.76  39.51   2.2807  0.1923   114.26   2  2  6       3.1              2.0        -0.45        -1.98 -102.80  8   9.30
  2  4  3  19.88  39.75   2.2675  0.1945   115.58   2  4  3       3.1              2.0         1.29        -1.58  -50.71  8   9.20
  5  1  0  20.15  40.30   2.2376  0.1997   118.69   5  1  0       0.3              0.9         0.94         0.00    0.00  4   8.97
  3  3  4  20.18  40.36   2.2349  0.2002   118.98   3  3  4       0.3              0.6        -0.53        -0.37 -145.38  8   8.95
  5  1  1  20.34  40.68   2.2179  0.2033   120.82   5  1  1      16.0              4.8         3.76         2.92   37.83  8   8.83
  2  0  7  20.47  40.94   2.2043  0.2058   122.31   2  0  7       3.0              3.0         0.00         2.95   90.00  4   8.73
  3  1  6  20.47  40.95   2.2040  0.2059   122.34   3  1  6      12.5              4.2        -1.97         3.74  117.74  8   8.72
  0  2  7  20.59  41.18   2.1922  0.2081   123.67   0  2  7       1.4              2.0         2.00         0.00    0.00  4   8.64
  1  3  6  20.71  41.42   2.1800  0.2104   125.05   1  3  6       1.3              1.4        -1.28         0.53  157.56  8   8.55
  4  0  5  20.79  41.57   2.1722  0.2119   125.95   4  0  5       6.7              4.4         0.00         4.43   90.00  4   8.49
  4  2  4  20.82  41.65   2.1684  0.2127   126.39   4  2  4       2.0              1.7         0.16        -1.71  -84.67  8   8.47
  1  5  0  20.86  41.73   2.1647  0.2134   126.83   1  5  0       4.2              3.5         3.53         0.00    0.00  4   8.44
  5  1  2  20.89  41.79   2.1616  0.2140   127.19   5  1  2       5.3              2.8        -1.07         2.59  112.39  8   8.42
  1  5  1  21.04  42.09   2.1468  0.2170   128.95   1  5  1     153.6             15.2       -10.95       -10.54 -136.09  8   8.31
  2  4  4  21.17  42.35   2.1343  0.2195   130.46   2  4  4       0.7              1.0         0.26        -0.99  -75.53  8   8.22
  0  4  5  21.25  42.50   2.1269  0.2211   131.37   0  4  5       1.8              2.3        -2.34         0.00 -180.00  4   8.17
  1  5  2  21.58  43.17   2.0956  0.2277   135.32   1  5  2      21.9              5.9        -1.21         5.74  101.91  8   7.95
  0  0  8  21.64  43.28   2.0906  0.2288   135.97   0  0  8     147.4             30.5        30.51         0.00    0.00  2   7.91
  5  1  3  21.79  43.58   2.0766  0.2319   137.81   5  1  3      17.6              5.3        -3.47         4.01  130.92  8   7.81
  3  3  5  21.82  43.63   2.0744  0.2324   138.10   3  3  5       5.5              3.0         2.37         1.81   37.41  8   7.80
  2  2  7  22.13  44.25   2.0467  0.2387   141.87   2  2  7       1.1              1.3         1.31        -0.24  -10.35  8   7.61
  1  1  8  22.42  44.83   2.0216  0.2447   145.41   1  1  8       1.2              1.4        -0.29         1.37  102.10  8   7.44
  4  2  5  22.42  44.85   2.0209  0.2448   145.51   4  2  5       7.5              3.5         3.42        -0.92  -14.99  8   7.43
  1  5  3  22.46  44.92   2.0179  0.2456   145.95   1  5  3      94.8             12.6         8.07        -9.73  -50.32  8   7.41
  4  0  6  22.73  45.46   1.9950  0.2513   149.32   4  0  6       0.1              0.5        -0.46         0.00  180.00  4   7.26
  2  4  5  22.75  45.51   1.9933  0.2517   149.58   2  4  5       3.0              2.3         0.32         2.26   81.94  8   7.25
  3  1  7  22.78  45.57   1.9907  0.2523   149.96   3  1  7     357.9             24.9        17.27        17.88   45.99  8   7.23
  4  4  0  22.87  45.75   1.9833  0.2542   151.09   4  4  0     104.6             19.1        19.07         0.00    0.00  4   7.18
  1  3  7  23.00  46.00   1.9730  0.2569   152.67   1  3  7       5.5              3.1         1.87         2.49   53.12  8   7.12
  5  1  4  23.00  46.00   1.9729  0.2569   152.68   5  1  4       1.6              1.7         0.32        -1.67  -79.05  8   7.12
  4  4  1  23.04  46.09   1.9695  0.2578   153.21   4  4  1       1.2              1.4        -1.38         0.44  162.44  8   7.09
  2  0  8  23.12  46.24   1.9633  0.2594   154.18   2  0  8       0.1              0.6         0.59         0.00    0.00  4   7.05
  0  4  6  23.16  46.33   1.9597  0.2604   154.74   0  4  6       0.2              0.9        -0.87         0.00  180.00  4   7.03
  0  2  8  23.23  46.45   1.9547  0.2617   155.53   0  2  8       0.0              0.4         0.41         0.00    0.00  4   7.00
  5  3  0  23.41  46.81   1.9405  0.2656   157.82   5  3  0       0.0              0.2         0.18         0.00    0.00  4   6.90
  4  4  2  23.55  47.09   1.9297  0.2685   159.59   4  4  2       0.1              0.4        -0.39        -0.08 -168.84  8   6.84
  5  3  1  23.57  47.15   1.9276  0.2691   159.94   5  3  1       0.7              1.2         1.05        -0.48  -24.57  8   6.82
  1  5  4  23.64  47.28   1.9223  0.2706   160.82   1  5  4       1.2              1.5        -0.47        -1.42 -108.26  8   6.79
  3  3  6  23.69  47.39   1.9185  0.2717   161.47   3  3  6       4.3              2.8         2.16         1.80   39.74  8   6.76
  3  5  0  23.83  47.66   1.9080  0.2747   163.24   3  5  0       0.1              0.7         0.74         0.00    0.00  4   6.70
  6  0  0  23.88  47.76   1.9043  0.2757   163.87   6  0  0       0.4              1.8        -1.81         0.00 -180.00  2   6.67
  3  5  1  23.99  47.99   1.8957  0.2783   165.37   3  5  1     154.6             17.1        11.89       -12.27  -45.90  8   6.62
  6  0  1  24.04  48.09   1.8921  0.2793   166.00   6  0  1       4.4              4.1         0.00        -4.06  -90.00  4   6.60
  5  3  2  24.07  48.14   1.8903  0.2799   166.32   5  3  2       1.0              1.4         0.41         1.29   72.42  8   6.59
  4  2  6  24.26  48.53   1.8759  0.2842   168.88   4  2  6      59.5             10.7        10.62        -1.27   -6.85  8   6.50
  4  4  3  24.37  48.73   1.8686  0.2864   170.21   4  4  3       2.5              2.2         1.86        -1.21  -33.07  8   6.45
  3  5  2  24.48  48.97   1.8602  0.2890   171.74   3  5  2       2.3              2.1         1.35        -1.61  -50.04  8   6.40
  5  1  5  24.49  48.97   1.8599  0.2891   171.81   5  1  5       5.8              3.4        -1.90        -2.77 -124.45  8   6.40
  6  0  2  24.53  49.06   1.8568  0.2900   172.37   6  0  2     207.3             28.5       -28.50         0.00  180.00  4   6.38
  2  4  6  24.57  49.15   1.8537  0.2910   172.95   2  4  6     129.8             16.0       -15.97         0.00  179.98  8   6.36
1

  H  K  L  THETA  2THETA D VALUE  1/D**2 SIN2*1000  H  K  L INTENSITY         /F(HKL)/       A(HKL)      B(HKL) PHA.ANG. MULT   LPG

  2  2  8  24.63  49.27   1.8495  0.2924   173.74   2  2  8      10.2              4.5         3.94        -2.13  -28.46  8   6.33
  0  6  0  24.81  49.62   1.8372  0.2963   176.08   0  6  0       0.0              0.1        -0.08         0.00 -180.00  2   6.26
  4  0  7  24.87  49.75   1.8327  0.2977   176.94   4  0  7       0.2              0.8         0.00         0.80   90.00  4   6.23
  5  3  3  24.88  49.75   1.8327  0.2977   176.94   5  3  3       1.9              1.9         0.09        -1.94  -87.49  8   6.23
  0  6  1  24.97  49.94   1.8262  0.2999   178.20   0  6  1      13.1              7.3        -7.28         0.00  180.00  4   6.19
  1  5  5  25.10  50.20   1.8173  0.3028   179.94   1  5  5      96.3             14.0       -10.34        -9.44 -137.59  8   6.14
  1  1  9  25.22  50.44   1.8094  0.3055   181.53   1  1  9      83.1             13.1         8.46         9.94   49.60  8   6.09
  3  1  8  25.24  50.48   1.8079  0.3060   181.83   3  1  8       0.0              0.3         0.26        -0.07  -15.72  8   6.08
  0  4  7  25.28  50.56   1.8052  0.3069   182.36   0  4  7       2.4              3.2        -3.16         0.00 -180.00  4   6.06
  3  5  3  25.28  50.56   1.8052  0.3069   182.36   3  5  3      17.0              5.9        -3.63        -4.67 -127.85  8   6.06
  6  0  3  25.33  50.65   1.8021  0.3079   182.99   6  0  3       3.6              3.9         0.00         3.87   90.00  4   6.05
  6  2  0  25.36  50.72   1.7999  0.3087   183.44   6  2  0     103.6             20.7       -20.72         0.00 -180.00  4   6.03
  1  3  8  25.44  50.88   1.7945  0.3105   184.54   1  3  8       5.9              3.5         1.32         3.26   67.92  8   6.00
  0  6  2  25.44  50.89   1.7944  0.3106   184.57   0  6  2      50.0             14.4        14.43         0.00    0.00  4   6.00
  4  4  4  25.48  50.96   1.7919  0.3114   185.08   4  4  4       3.1              2.6         2.55         0.18    4.10  8   5.99
  6  2  1  25.52  51.03   1.7896  0.3122   185.56   6  2  1       1.9              2.0        -1.46         1.33  137.58  8   5.97
  3  3  7  25.78  51.55   1.7728  0.3182   189.09   3  3  7       0.9              1.4        -0.84         1.07  128.29  8   5.87
  2  0  9  25.86  51.73   1.7672  0.3202   190.30   2  0  9       1.7              2.7         0.00        -2.70  -90.00  4   5.84
  0  2  9  25.96  51.92   1.7609  0.3225   191.65   0  2  9       5.3              4.8         4.75         0.00    0.00  4   5.80
  5  3  4  25.97  51.95   1.7602  0.3228   191.81   5  3  4       0.4              0.9         0.81         0.45   28.81  8   5.80
  6  2  2  25.98  51.97   1.7596  0.3230   191.94   6  2  2       0.4              1.0        -0.97         0.07  175.86  8   5.80
  2  6  0  26.15  52.31   1.7490  0.3269   194.28   2  6  0      23.0             10.0       -10.00         0.00  180.00  4   5.73
  5  1  6  26.22  52.44   1.7450  0.3284   195.18   5  1  6       2.4              2.3        -1.42        -1.78 -128.53  8   5.71
  0  6  3  26.22  52.44   1.7449  0.3285   195.20   0  6  3       2.2              3.1        -3.08         0.00 -180.00  4   5.71
  2  6  1  26.31  52.61   1.7395  0.3305   196.41   2  6  1       0.3              0.8         0.61         0.48   38.62  8   5.68
  4  2  7  26.31  52.63   1.7391  0.3306   196.50   4  2  7       1.2              1.6        -0.21        -1.59  -97.61  8   5.68
  3  5  4  26.37  52.73   1.7358  0.3319   197.24   3  5  4      13.9              5.5         1.95         5.18   69.37  8   5.66
  6  0  4  26.41  52.82   1.7331  0.3329   197.87   6  0  4       0.0              0.1         0.06         0.00    0.00  4   5.64
  2  4  7  26.61  53.21   1.7213  0.3375   200.57   2  4  7       9.3              4.6         3.53        -2.91  -39.42  8   5.58
  6  2  3  26.75  53.50   1.7129  0.3408   202.56   6  2  3       3.2              2.7         0.09        -2.69  -88.16  8   5.53
  2  6  2  26.76  53.53   1.7119  0.3412   202.78   2  6  2       0.2              0.7        -0.67        -0.28 -157.70  8   5.52
  1  5  6  26.80  53.60   1.7097  0.3421   203.31   1  5  6       0.7              1.3        -0.70        -1.08 -122.75  8   5.51
  4  4  5  26.86  53.73   1.7060  0.3436   204.20   4  4  5       1.9              2.1         2.08        -0.33   -8.95  8   5.49
  4  0  8  27.19  54.38   1.6871  0.3514   208.80   4  0  8     191.8             29.8        29.83         0.00    0.00  4   5.38
  2  2  9  27.26  54.53   1.6828  0.3531   209.86   2  2  9       0.6              1.2         0.72         0.90   51.09  8   5.36
  0  6  4  27.28  54.56   1.6820  0.3535   210.07   0  6  4       0.3              1.1         1.12         0.00    0.00  4   5.36
  5  3  5  27.34  54.68   1.6785  0.3549   210.93   5  3  5      41.9              9.9         7.47        -6.49  -40.99  8   5.34
  0  0 10  27.45  54.89   1.6725  0.3575   212.45   0  0 10       0.4              1.8        -1.83         0.00 -180.00  2   5.30
  2  6  3  27.51  55.03   1.6688  0.3591   213.40   2  6  3      13.8              5.7        -5.70         0.51  174.85  8   5.28
  0  4  8  27.57  55.14   1.6656  0.3605   214.23   0  4  8      21.1             10.0       -10.01         0.00 -180.00  4   5.27
  3  5  5  27.72  55.44   1.6573  0.3641   216.36   3  5  5      96.2             15.2       -10.74        10.72  135.05  8   5.22
  6  0  5  27.76  55.53   1.6549  0.3651   216.99   6  0  5       0.6              1.6         0.00        -1.63  -90.00  4   5.21
  6  2  4  27.79  55.59   1.6532  0.3659   217.43   6  2  4     555.2             36.5        36.52        -0.64   -1.01  8   5.20
  3  1  9  27.83  55.66   1.6513  0.3667   217.95   3  1  9       0.3              0.9         0.78        -0.42  -28.41  8   5.19
  1  3  9  28.02  56.04   1.6411  0.3713   220.66   1  3  9     131.6             17.9       -13.37        11.90  138.35  8   5.13
  3  3  8  28.04  56.08   1.6400  0.3718   220.96   3  3  8       1.1              1.6        -1.34        -0.88 -146.63  8   5.13
  1  1 10  28.10  56.21   1.6365  0.3734   221.90   1  1 10      21.7              7.3         0.89        -7.22  -82.99  8   5.11
  5  1  7  28.16  56.33   1.6332  0.3749   222.79   5  1  7       0.3              0.8         0.33         0.76   66.70  8   5.09
  4  4  6  28.49  56.99   1.6160  0.3829   227.57   4  4  6       0.0              0.2        -0.22        -0.11 -152.79  8   5.00
  7  1  0  28.52  57.04   1.6147  0.3836   227.94   7  1  0       0.9              2.1        -2.13         0.00 -180.00  4   4.99
  2  6  4  28.54  57.08   1.6135  0.3841   228.28   2  6  4      82.7             14.4        14.12         2.79   11.17  8   4.99
  4  2  8  28.55  57.09   1.6132  0.3843   228.37   4  2  8       6.7              4.1         1.37        -3.86  -70.45  8   4.98
  0  6  5  28.60  57.21   1.6103  0.3857   229.19   0  6  5       2.3              3.4         3.40         0.00    0.00  4   4.97
  7  1  1  28.66  57.33   1.6072  0.3871   230.07   7  1  1      16.5              6.4        -4.11         4.97  129.59  8   4.95
  2  0 10  28.70  57.41   1.6051  0.3881   230.66   2  0 10      10.9              7.4         7.43         0.00    0.00  4   4.94
  1  5  7  28.72  57.44   1.6042  0.3886   230.93   1  5  7      46.5             10.8         8.60        -6.62  -37.59  8   4.94
  0  2 10  28.80  57.59   1.6004  0.3904   232.02   0  2 10      12.4              7.9         7.95         0.00    0.00  4   4.92
1

  H  K  L  THETA  2THETA D VALUE  1/D**2 SIN2*1000  H  K  L INTENSITY         /F(HKL)/       A(HKL)      B(HKL) PHA.ANG. MULT   LPG

  2  4  8  28.82  57.65   1.5990  0.3911   232.43   2  4  8       0.2              0.7         0.07         0.65   84.13  8   4.91
  5  3  6  28.95  57.90   1.5926  0.3943   234.30   5  3  6       4.9              3.5         1.51         3.21   64.87  8   4.88
  5  5  0  29.07  58.14   1.5866  0.3972   236.08   5  5  0       0.4              1.4         1.40         0.00    0.00  4   4.85
  7  1  2  29.09  58.19   1.5854  0.3979   236.44   7  1  2      13.1              5.8         1.38         5.65   76.31  8   4.84
  6  2  5  29.10  58.20   1.5850  0.3980   236.55   6  2  5       4.9              3.6        -2.55         2.49  135.68  8   4.84
  5  5  1  29.21  58.43   1.5795  0.4008   238.20   5  5  1     123.0             17.9       -11.93       -13.31 -131.86  8   4.81
  3  5  6  29.32  58.63   1.5745  0.4034   239.73   3  5  6      11.4              5.5        -5.45         0.31  176.75  8   4.78
  6  0  6  29.36  58.72   1.5724  0.4044   240.36   6  0  6       4.8              5.0        -5.01         0.00  180.00  4   4.77
  6  4  0  29.48  58.95   1.5667  0.4074   242.13   6  4  0       0.0              0.5        -0.51         0.00 -180.00  4   4.74
  1  7  0  29.62  59.23   1.5600  0.4109   244.21   1  7  0       1.9              3.2        -3.16         0.00  180.00  4   4.71
  6  4  1  29.62  59.24   1.5598  0.4110   244.25   6  4  1      11.9              5.6         5.28        -1.93  -20.08  8   4.71
  5  5  2  29.64  59.28   1.5588  0.4115   244.57   5  5  2       8.3              4.7         1.52         4.43   71.03  8   4.70
  4  0  9  29.66  59.33   1.5577  0.4121   244.92   4  0  9       0.7              1.9         0.00         1.94   90.00  4   4.70
  1  7  1  29.76  59.51   1.5532  0.4145   246.33   1  7  1      16.3              6.6        -4.97         4.35  138.78  8   4.68
  7  1  3  29.81  59.61   1.5509  0.4157   247.06   7  1  3       0.2              0.8         0.77        -0.03   -2.09  8   4.66
  2  6  5  29.83  59.65   1.5499  0.4163   247.40   2  6  5      13.1              5.9        -5.81        -1.13 -168.97  8   4.66
  4  6  0  29.93  59.86   1.5452  0.4188   248.91   4  6  0       0.2              0.9        -0.91         0.00  180.00  4   4.64
  2  2 10  30.01  60.03   1.5411  0.4211   250.23   2  2 10       3.3              3.0        -1.54        -2.54 -121.23  8   4.62
  0  4  9  30.02  60.05   1.5407  0.4212   250.34   0  4  9       0.7              1.9        -1.88         0.00  180.00  4   4.61
  6  4  2  30.04  60.08   1.5399  0.4217   250.63   6  4  2      31.8              9.3         9.18        -1.34   -8.30  8   4.61
  4  6  1  30.07  60.14   1.5386  0.4224   251.03   4  6  1       0.3              1.0        -0.43        -0.85 -116.55  8   4.60
  0  6  6  30.17  60.34   1.5340  0.4250   252.56   0  6  6      23.8             11.4       -11.39         0.00  180.00  4   4.58
  1  7  2  30.18  60.36   1.5335  0.4252   252.71   1  7  2       7.4              4.5        -0.12         4.51   91.49  8   4.58
  5  1  8  30.31  60.62   1.5276  0.4285   254.66   5  1  8       2.6              2.7        -0.01        -2.69  -90.22  8   4.55
  4  4  7  30.34  60.68   1.5260  0.4294   255.19   4  4  7      35.1              9.8        -7.52         6.32  139.95  8   4.54
  5  5  3  30.34  60.69   1.5260  0.4294   255.20   5  5  3      93.8             16.1        11.72       -10.99  -43.15  8   4.54
  3  3  9  30.47  60.93   1.5204  0.4326   257.07   3  3  9     226.6             25.0       -18.74       -16.62 -138.42  8   4.51
  4  6  2  30.49  60.98   1.5195  0.4331   257.41   4  6  2       3.3              3.0         2.71         1.29   25.43  8   4.51
  3  1 10  30.55  61.09   1.5168  0.4347   258.31   3  1 10      25.6              8.4         0.25         8.44   88.33  8   4.50
  6  2  6  30.65  61.30   1.5121  0.4374   259.92   6  2  6       1.6              2.1         0.26        -2.07  -82.79  8   4.47
  1  3 10  30.72  61.45   1.5089  0.4392   261.02   1  3 10       1.5              2.0        -2.01         0.31  171.15  8   4.46
  6  4  3  30.74  61.48   1.5082  0.4396   261.25   6  4  3       6.5              4.3         2.73         3.30   50.43  8   4.45
  5  3  7  30.78  61.57   1.5063  0.4407   261.92   5  3  7       6.9              4.4        -2.37        -3.73 -122.41  8   4.44
  7  1  4  30.78  61.57   1.5063  0.4408   261.93   7  1  4       1.0              1.7        -1.57        -0.69 -156.37  8   4.44
  1  5  8  30.84  61.68   1.5038  0.4422   262.80   1  5  8       0.8              1.5        -0.72        -1.27 -119.51  8   4.43
  1  7  3  30.87  61.75   1.5023  0.4431   263.33   1  7  3      43.2             11.0         7.72         7.89   45.61  8   4.42
  4  2  9  30.95  61.90   1.4990  0.4450   264.48   4  2  9       6.1              4.1         2.40         3.38   54.61  8   4.41
  1  1 11  31.08  62.16   1.4933  0.4485   266.51   1  1 11       1.1              1.7        -1.36         1.07  141.87  8   4.38
  7  3  0  31.12  62.23   1.4917  0.4494   267.07   7  3  0       0.0              0.2        -0.25         0.00 -180.00  4   4.37
  3  5  7  31.13  62.27   1.4909  0.4499   267.35   3  5  7      53.4             12.4         8.81         8.66   44.50  8   4.37
  6  0  7  31.18  62.35   1.4892  0.4509   267.98   6  0  7       1.3              2.7         0.00         2.71   90.00  4   4.36
  4  6  3  31.18  62.36   1.4890  0.4510   268.03   4  6  3       8.7              5.0         4.24         2.63   31.86  8   4.36
  2  4  9  31.21  62.43   1.4876  0.4519   268.55   2  4  9       9.0              5.1         4.64         2.09   24.22  8   4.35
  7  3  1  31.25  62.51   1.4858  0.4530   269.19   7  3  1       5.3              3.9        -3.14        -2.29 -143.91  8   4.35
  5  5  4  31.31  62.62   1.4834  0.4544   270.07   5  5  4       0.0              0.2        -0.16        -0.01 -175.34  8   4.33
  2  6  6  31.36  62.71   1.4815  0.4556   270.77   2  6  6       0.9              1.6         0.08         1.57   87.09  8   4.32
  2  0 11  31.65  63.29   1.4693  0.4632   275.28   2  0 11       4.4              5.1         0.00         5.08   90.00  4   4.27
  7  3  2  31.66  63.33   1.4685  0.4637   275.57   7  3  2      37.9             10.5        -2.22       -10.31 -102.13  8   4.26
  6  4  4  31.70  63.40   1.4671  0.4646   276.12   6  4  4       0.5              1.2         0.65         0.96   56.03  8   4.26
  0  2 11  31.73  63.47   1.4657  0.4655   276.63   0  2 11      10.5              7.9         7.87         0.00    0.00  4   4.25
  1  7  4  31.83  63.67   1.4616  0.4681   278.20   1  7  4       2.6              2.8         2.48        -1.27  -27.19  8   4.23
  0  6  7  31.96  63.92   1.4564  0.4715   280.18   0  6  7       0.6              1.9        -1.90         0.00 -180.00  4   4.21
  3  7  0  31.99  63.98   1.4552  0.4722   280.63   3  7  0       3.9              4.8         4.81         0.00    0.00  4   4.20
  7  1  5  32.02  64.03   1.4541  0.4729   281.06   7  1  5       0.0              0.1        -0.11         0.00 -177.30  8   4.20
  3  7  1  32.12  64.25   1.4498  0.4758   282.75   3  7  1      74.9             15.0       -10.08       -11.06 -132.35  8   4.18
  4  6  4  32.13  64.27   1.4494  0.4760   282.90   4  6  4       2.0              2.5         0.67         2.37   74.27  8   4.17
  4  0 10  32.28  64.57   1.4433  0.4800   285.29   4  0 10       0.3              1.4        -1.37         0.00 -180.00  4   4.15
1

  H  K  L  THETA  2THETA D VALUE  1/D**2 SIN2*1000  H  K  L INTENSITY         /F(HKL)/       A(HKL)      B(HKL) PHA.ANG. MULT   LPG

  7  3  3  32.34  64.68   1.4410  0.4816   286.19   7  3  3      51.2             12.4         9.02        -8.57  -43.55  8   4.14
  4  4  8  32.40  64.79   1.4388  0.4830   287.06   4  4  8     256.2             27.9        27.85        -0.65   -1.34  8   4.13
  6  2  7  32.43  64.85   1.4376  0.4838   287.54   6  2  7       1.1              1.8        -1.49         1.04  145.04  8   4.12
  3  7  2  32.53  65.05   1.4337  0.4865   289.12   3  7  2       7.0              4.6        -4.55        -0.79 -170.11  8   4.10
  5  5  5  32.53  65.06   1.4335  0.4866   289.19   5  5  5     213.5             25.5       -17.80       -18.27 -134.25  8   4.10
  0  4 10  32.63  65.25   1.4298  0.4892   290.71   0  4 10       0.4              1.5        -1.54         0.00  180.00  4   4.08
  5  1  9  32.63  65.26   1.4296  0.4893   290.78   5  1  9      87.4             16.4        11.54        11.59   45.13  8   4.08
  8  0  0  32.67  65.33   1.4282  0.4902   291.33   8  0  0      28.9             18.8        18.82         0.00    0.00  2   4.08
  8  0  1  32.80  65.60   1.4231  0.4938   293.46   8  0  1       0.3              1.4         0.00        -1.38  -90.00  4   4.05
  5  3  8  32.82  65.64   1.4223  0.4944   293.79   5  3  8       2.2              2.6         0.73         2.52   73.88  8   4.05
  2  2 11  32.89  65.78   1.4197  0.4961   294.84   2  2 11       1.7              2.3        -2.28        -0.05 -178.72  8   4.04
  6  4  5  32.91  65.83   1.4188  0.4968   295.24   6  4  5       2.1              2.5         1.02         2.33   66.34  8   4.03
  1  7  5  33.04  66.09   1.4138  0.5003   297.32   1  7  5       5.6              4.2        -3.08         2.82  137.51  8   4.01
  3  3 10  33.05  66.10   1.4135  0.5005   297.44   3  3 10       5.3              4.1        -0.41        -4.06  -95.81  8   4.01
  2  6  7  33.11  66.22   1.4113  0.5021   298.39   2  6  7       0.4              1.0         1.02         0.26   14.20  8   4.00
  1  5  9  33.14  66.29   1.4100  0.5030   298.91   1  5  9       3.1              3.1         2.77         1.44   27.42  8   4.00
  3  5  8  33.16  66.32   1.4093  0.5035   299.21   3  5  8      13.0              6.4         2.49        -5.86  -66.99  8   3.99
  3  7  3  33.20  66.39   1.4081  0.5044   299.75   3  7  3       2.2              2.6         2.53        -0.72  -15.81  8   3.99
  8  0  2  33.20  66.40   1.4079  0.5045   299.83   8  0  2       0.2              1.0        -1.05         0.00  180.00  4   3.99
  6  0  8  33.20  66.40   1.4078  0.5045   299.84   6  0  8       0.3              1.4         1.39         0.00    0.00  4   3.99
  7  3  4  33.28  66.55   1.4050  0.5066   301.06   7  3  4       9.3              5.4         4.32         3.26   37.04  8   3.97
  4  6  5  33.34  66.67   1.4027  0.5082   302.02   4  6  5       0.9              1.7         1.51        -0.71  -25.25  8   3.96
  3  1 11  33.39  66.79   1.4006  0.5097   302.93   3  1 11       9.9              5.6        -3.95        -3.94 -135.10  8   3.95
  7  1  6  33.49  66.97   1.3972  0.5123   304.43   7  1  6       2.7              2.9         2.95        -0.05   -1.05  8   3.94
  4  2 10  33.51  67.03   1.3962  0.5130   304.85   4  2 10       7.5              4.9        -4.19        -2.52 -148.91  8   3.93
  1  3 11  33.56  67.13   1.3944  0.5143   305.64   1  3 11       1.3              2.1        -1.57        -1.33 -139.77  8   3.93
  0  0 12  33.58  67.16   1.3938  0.5148   305.93   0  0 12     206.7             51.3        51.31         0.00    0.00  2   3.92
  2  4 10  33.77  67.53   1.3870  0.5198   308.92   2  4 10      20.9              8.2        -7.97        -1.90 -166.59  8   3.89
  8  0  3  33.86  67.72   1.3836  0.5224   310.45   8  0  3       0.2              1.2         0.00        -1.18  -90.00  4   3.88
  8  2  0  33.89  67.78   1.3826  0.5231   310.90   8  2  0       0.0              0.1         0.06         0.00    0.00  4   3.87
  0  6  8  33.96  67.92   1.3800  0.5251   312.05   0  6  8       0.0              0.4        -0.41         0.00  180.00  4   3.86
  5  5  6  33.99  67.98   1.3789  0.5259   312.56   5  5  6       6.4              4.6        -0.70        -4.52  -98.77  8   3.86
  8  2  1  34.02  68.04   1.3779  0.5267   313.02   8  2  1       1.8              2.4        -1.79         1.62  137.99  8   3.85
  0  8  0  34.02  68.04   1.3779  0.5267   313.02   0  8  0     189.1             49.5        49.52         0.00    0.00  2   3.85
  3  7  4  34.12  68.24   1.3744  0.5294   314.62   3  7  4       4.7              3.9         0.97         3.78   75.64  8   3.84
  0  8  1  34.15  68.30   1.3732  0.5303   315.15   0  8  1       0.1              0.9        -0.94         0.00 -180.00  4   3.83
  1  1 12  34.17  68.33   1.3727  0.5307   315.38   1  1 12       0.4              1.1         1.07        -0.11   -5.91  8   3.83
  6  4  6  34.36  68.73   1.3657  0.5361   318.61   6  4  6     295.3             31.1        31.15        -0.27   -0.50  8   3.80
  8  2  2  34.41  68.83   1.3641  0.5374   319.39   8  2  2       9.2              5.5        -5.49         0.04  179.56  8   3.80
  6  2  8  34.41  68.83   1.3640  0.5375   319.41   6  2  8      68.7             15.0        15.04         0.06    0.23  8   3.79
  7  3  5  34.46  68.92   1.3624  0.5388   320.18   7  3  5      21.3              8.4        -4.87        -6.83 -125.48  8   3.79
  1  7  6  34.49  68.98   1.3613  0.5396   320.69   1  7  6       0.6              1.4        -0.69        -1.25 -118.73  8   3.78
  0  8  2  34.54  69.09   1.3595  0.5410   321.52   0  8  2       0.0              0.3         0.28         0.00    0.00  4   3.78
  4  4  9  34.64  69.29   1.3561  0.5438   323.18   4  4  9      26.5              9.4        -6.03        -7.20 -129.98  8   3.76
  2  0 12  34.70  69.41   1.3540  0.5454   324.14   2  0 12       0.9              2.5         2.47         0.00    0.00  4   3.75
  8  0  4  34.78  69.55   1.3516  0.5474   325.32   8  0  4      41.6             16.7       -16.67         0.00  180.00  4   3.74
  4  6  6  34.78  69.56   1.3514  0.5475   325.39   4  6  6     132.1             21.0        20.96         1.39    3.79  8   3.74
  0  2 12  34.79  69.57   1.3512  0.5477   325.50   0  2 12       0.4              1.6         1.59         0.00    0.00  4   3.74
  4  0 11  35.06  70.11   1.3422  0.5551   329.90   4  0 11       2.8              4.4         0.00        -4.37  -90.00  4   3.70
  5  3  9  35.06  70.11   1.3422  0.5551   329.91   5  3  9      22.8              8.8        -6.32         6.06  136.21  8   3.70
  8  2  3  35.06  70.13   1.3419  0.5553   330.02   8  2  3       0.1              0.5         0.28         0.40   55.34  8   3.70
  2  6  8  35.08  70.15   1.3414  0.5557   330.25   2  6  8      26.1              9.4        -9.38        -0.10 -179.38  8   3.70
  5  1 10  35.13  70.26   1.3396  0.5572   331.15   5  1 10       2.1              2.7        -0.90        -2.51 -109.76  8   3.69
  2  8  0  35.14  70.27   1.3395  0.5574   331.23   2  8  0       0.5              1.8         1.76         0.00    0.00  4   3.69
  7  1  7  35.19  70.37   1.3378  0.5587   332.04   7  1  7       4.0              3.7        -1.09        -3.52 -107.19  8   3.68
  0  8  3  35.19  70.38   1.3376  0.5589   332.14   0  8  3       0.0              0.3        -0.32         0.00  180.00  4   3.68
  2  8  1  35.27  70.53   1.3352  0.5609   333.36   2  8  1       0.2              0.9         0.85        -0.13   -8.74  8   3.67
1

  H  K  L  THETA  2THETA D VALUE  1/D**2 SIN2*1000  H  K  L INTENSITY         /F(HKL)/       A(HKL)      B(HKL) PHA.ANG. MULT   LPG

  3  7  5  35.29  70.58   1.3344  0.5616   333.74   3  7  5      76.5             16.1        11.79        11.02   43.07  8   3.67
  0  4 11  35.39  70.77   1.3313  0.5642   335.32   0  4 11       0.7              2.2        -2.16         0.00  180.00  4   3.66
  3  5  9  35.39  70.77   1.3313  0.5643   335.33   3  5  9      68.0             15.2        10.19       -11.33  -48.02  8   3.66
  6  0  9  35.42  70.85   1.3300  0.5653   335.96   6  0  9       0.2              1.3         0.00         1.29   90.00  4   3.65
  1  5 10  35.62  71.25   1.3235  0.5709   339.28   1  5 10       0.3              0.9        -0.86        -0.38 -156.13  8   3.63
  2  8  2  35.65  71.30   1.3226  0.5717   339.73   2  8  2     254.4             29.6        29.54         2.23    4.31  8   3.62
  6  6  0  35.67  71.33   1.3222  0.5720   339.95   6  6  0     101.7             26.5       -26.50         0.00  180.00  4   3.62
  5  5  7  35.68  71.36   1.3217  0.5724   340.18   5  5  7     106.6             19.2        13.26       -13.86  -46.28  8   3.62
  3  3 11  35.79  71.59   1.3181  0.5756   342.06   3  3 11     191.2             25.7        18.38       -18.03  -44.44  8   3.60
  6  6  1  35.79  71.59   1.3181  0.5756   342.07   6  6  1       0.5              1.3         0.49         1.24   68.41  8   3.60
  7  3  6  35.88  71.77   1.3152  0.5781   343.55   7  3  6       1.1              2.0        -1.76        -0.91 -152.51  8   3.59
  2  2 12  35.89  71.78   1.3149  0.5783   343.71   2  2 12     109.4             19.5        19.34        -2.55   -7.52  8   3.59
  8  0  5  35.94  71.87   1.3135  0.5796   344.45   8  0  5       0.0              0.2         0.00        -0.25  -90.00  4   3.59
  8  2  4  35.96  71.93   1.3127  0.5803   344.89   8  2  4       0.1              0.7        -0.68         0.21  162.99  8   3.58
  7  5  0  35.99  71.98   1.3118  0.5811   345.33   7  5  0       4.1              5.3         5.33         0.00    0.00  4   3.58
  6  4  7  36.04  72.09   1.3101  0.5826   346.23   6  4  7       3.0              3.2         3.23         0.03    0.55  8   3.57
  0  8  4  36.09  72.18   1.3086  0.5839   347.02   0  8  4       4.3              5.5        -5.51         0.00  180.00  4   3.57
  7  5  1  36.12  72.24   1.3078  0.5847   347.45   7  5  1      20.0              8.4        -5.78         6.06  133.64  8   3.56
  0  6  9  36.16  72.32   1.3065  0.5858   348.16   0  6  9       2.6              4.3         4.26         0.00    0.00  4   3.56
  1  7  7  36.17  72.34   1.3062  0.5861   348.31   1  7  7      46.6             12.8         9.86         8.16   39.63  8   3.56
  6  6  2  36.18  72.36   1.3060  0.5863   348.45   6  6  2       3.3              3.4        -1.57         3.03  117.35  8   3.56
  4  2 11  36.24  72.48   1.3041  0.5880   349.47   4  2 11       0.2              0.8         0.49         0.67   53.84  8   3.55
  2  8  3  36.29  72.58   1.3024  0.5895   350.35   2  8  3       1.0              1.9         0.88         1.70   62.67  8   3.54
  3  1 12  36.38  72.76   1.2997  0.5920   351.79   3  1 12       2.6              3.0         0.89         2.88   72.85  8   3.53
  4  6  7  36.45  72.90   1.2975  0.5940   353.01   4  6  7       8.4              5.5         4.82        -2.56  -27.93  8   3.52
  5  7  0  36.48  72.96   1.2967  0.5948   353.46   5  7  0       0.1              0.6         0.60         0.00    0.00  4   3.52
  2  4 11  36.48  72.97   1.2965  0.5949   353.53   2  4 11       6.9              5.0         2.89        -4.03  -54.35  8   3.52
  7  5  2  36.50  73.00   1.2960  0.5954   353.82   7  5  2       4.3              3.9        -3.34         2.04  148.58  8   3.52
  1  3 12  36.54  73.08   1.2948  0.5965   354.50   1  3 12       9.4              5.8        -1.13         5.67  101.28  8   3.51
  6  2  9  36.60  73.20   1.2929  0.5982   355.53   6  2  9       8.3              5.4        -4.66        -2.79 -149.09  8   3.50
  5  7  1  36.61  73.21   1.2928  0.5983   355.58   5  7  1      49.6             13.3        -8.80         9.98  131.39  8   3.50
  3  7  6  36.70  73.39   1.2900  0.6009   357.11   3  7  6       3.7              3.6         2.26         2.84   51.54  8   3.49
  6  6  3  36.81  73.63   1.2865  0.6042   359.07   6  6  3       1.1              2.0        -0.77        -1.82 -112.80  8   3.48
  5  7  2  36.99  73.97   1.2814  0.6091   361.96   5  7  2       2.9              3.2        -2.22         2.35  133.33  8   3.46
  4  4 10  37.08  74.16   1.2786  0.6117   363.54   4  4 10       0.0              0.4        -0.28        -0.21 -143.17  8   3.45
  7  1  8  37.10  74.21   1.2779  0.6124   363.91   7  1  8      19.2              8.4        -1.25         8.26   98.61  8   3.45
  8  2  5  37.11  74.22   1.2777  0.6125   364.01   8  2  5       0.3              1.1         0.65        -0.87  -53.18  8   3.44
  7  5  3  37.13  74.27   1.2770  0.6132   364.45   7  5  3       3.5              3.6         2.19         2.80   51.96  8   3.44
  2  8  4  37.18  74.36   1.2756  0.6146   365.22   2  8  4       0.7              1.6        -0.33        -1.58 -101.84  8   3.44
  0  8  5  37.24  74.47   1.2740  0.6161   366.14   0  8  5       7.0              7.1        -7.14         0.00 -180.00  4   3.43
  2  6  9  37.25  74.50   1.2736  0.6165   366.37   2  6  9       0.2              0.9        -0.73        -0.53 -144.03  8   3.43
  8  0  6  37.34  74.67   1.2711  0.6189   367.81   8  0  6       0.1              1.0        -1.04         0.00  180.00  4   3.42
  1  1 13  37.38  74.75   1.2699  0.6201   368.49   1  1 13     119.5             20.9       -15.87       -13.62 -139.36  8   3.41
  8  4  0  37.44  74.88   1.2681  0.6219   369.59   8  4  0     275.4             44.9        44.94         0.00    0.00  4   3.41
  5  3 10  37.48  74.96   1.2669  0.6231   370.27   5  3 10      10.4              6.2        -0.30         6.16   92.78  8   3.40
  7  3  7  37.53  75.07   1.2653  0.6246   371.17   7  3  7      72.0             16.3        11.85       -11.15  -43.25  8   3.40
  8  4  1  37.57  75.13   1.2644  0.6255   371.71   8  4  1       0.2              0.9        -0.14         0.90   98.64  8   3.39
  5  5  8  37.59  75.17   1.2639  0.6260   372.05   5  5  8       0.6              1.4         0.58         1.31   65.95  8   3.39
  5  7  3  37.62  75.24   1.2630  0.6269   372.58   5  7  3      28.5             10.3         8.64         5.53   32.61  8   3.39
  9  1  0  37.68  75.36   1.2612  0.6287   373.61   9  1  0       0.3              1.4         1.42         0.00    0.00  4   3.38
  6  6  4  37.70  75.40   1.2607  0.6292   373.94   6  6  4     205.7             27.6        27.54        -1.24   -2.57  8   3.38
  3  5 10  37.80  75.60   1.2577  0.6322   375.70   3  5 10       1.6              2.4         1.79        -1.66  -42.85  8   3.37
  9  1  1  37.80  75.61   1.2576  0.6322   375.73   9  1  1       0.2              0.8        -0.81         0.14  170.18  8   3.37
  5  1 11  37.81  75.61   1.2576  0.6323   375.76   5  1 11       4.9              4.3        -1.89         3.83  116.19  8   3.37
  6  0 10  37.84  75.68   1.2567  0.6332   376.33   6  0 10      90.1             25.9       -25.86         0.00 -180.00  4   3.36
  2  0 13  37.89  75.79   1.2551  0.6348   377.25   2  0 13       1.5              3.3         0.00        -3.31  -90.00  4   3.36
  8  4  2  37.94  75.89   1.2537  0.6362   378.09   8  4  2       0.0              0.2        -0.22        -0.02 -174.91  8   3.35
1

  H  K  L  THETA  2THETA D VALUE  1/D**2 SIN2*1000  H  K  L INTENSITY         /F(HKL)/       A(HKL)      B(HKL) PHA.ANG. MULT   LPG

  6  4  8  37.94  75.89   1.2537  0.6362   378.10   6  4  8       1.3              2.2         1.97        -0.97  -26.11  8   3.35
  0  2 13  37.97  75.95   1.2529  0.6371   378.61   0  2 13       1.2              2.9         2.93         0.00    0.00  4   3.35
  4  0 12  37.98  75.97   1.2526  0.6373   378.77   4  0 12       0.7              2.2         2.22         0.00    0.00  4   3.35
  7  5  4  38.02  76.03   1.2517  0.6383   379.32   7  5  4      10.2              6.2         1.92        -5.88  -71.87  8   3.35
  1  7  8  38.07  76.13   1.2503  0.6397   380.18   1  7  8      10.5              6.3         2.43        -5.78  -67.17  8   3.34
  9  1  2  38.18  76.36   1.2471  0.6430   382.11   9  1  2       1.0              1.9        -1.49        -1.20 -141.02  8   3.33
  1  5 11  38.29  76.57   1.2442  0.6460   383.90   1  5 11      54.5             14.3        11.80        -8.12  -34.55  8   3.32
  0  4 12  38.30  76.61   1.2437  0.6465   384.19   0  4 12      24.3             13.5        13.53         0.00    0.00  4   3.32
  2  8  5  38.31  76.63   1.2435  0.6467   384.34   2  8  5       1.5              2.4        -2.08        -1.10 -152.02  8   3.32
  3  7  7  38.34  76.67   1.2429  0.6474   384.73   3  7  7      33.3             11.2        -7.64         8.19  133.01  8   3.31
  4  6  8  38.34  76.69   1.2426  0.6476   384.88   4  6  8       2.3              2.9         0.62         2.86   77.73  8   3.31
  4  8  0  38.40  76.80   1.2410  0.6493   385.86   4  8  0       0.3              1.4         1.45         0.00    0.00  4   3.31
  8  2  6  38.49  76.98   1.2386  0.6518   387.38   8  2  6       7.3              5.2        -5.15         0.99  169.12  8   3.30
  5  7  4  38.50  76.99   1.2385  0.6520   387.45   5  7  4       2.8              3.3         1.85        -2.68  -55.40  8   3.30
  4  8  1  38.53  77.05   1.2376  0.6529   387.98   4  8  1       2.0              2.8        -2.29         1.59  145.25  8   3.29
  0  6 10  38.56  77.12   1.2368  0.6538   388.53   0  6 10      27.9             14.6        14.56         0.00    0.00  4   3.29
  8  4  3  38.57  77.14   1.2365  0.6541   388.71   8  4  3       0.2              0.9         0.18         0.85   78.03  8   3.29
  0  8  6  38.62  77.23   1.2352  0.6554   389.51   0  8  6       0.2              1.1        -1.08         0.00 -180.00  4   3.29
  3  3 12  38.70  77.40   1.2330  0.6578   390.92   3  3 12       0.2              1.0         0.92        -0.28  -16.80  8   3.28
  9  1  3  38.81  77.61   1.2301  0.6608   392.73   9  1  3      29.0             10.5         7.35        -7.54  -45.73  8   3.27
  6  6  5  38.83  77.65   1.2296  0.6614   393.06   6  6  5       2.0              2.8         1.65         2.26   53.84  8   3.27
  4  8  2  38.90  77.80   1.2276  0.6636   394.35   4  8  2       0.2              0.9        -0.91         0.09  174.30  8   3.26
  8  0  7  38.96  77.93   1.2259  0.6654   395.43   8  0  7       0.4              1.8         0.00         1.83   90.00  4   3.25
  6  2 10  38.99  77.98   1.2252  0.6662   395.89   6  2 10       4.8              4.3        -0.69        -4.23  -99.26  8   3.25
  2  2 13  39.05  78.09   1.2238  0.6677   396.82   2  2 13       0.5              1.4        -0.61         1.30  115.16  8   3.24
  4  2 12  39.13  78.27   1.2215  0.6703   398.33   4  2 12       6.9              5.2         1.49        -4.95  -73.30  8   3.24
  7  5  5  39.14  78.28   1.2213  0.6704   398.44   7  5  5       7.6              5.4        -4.64         2.81  148.79  8   3.24
  7  1  9  39.23  78.47   1.2189  0.6731   400.03   7  1  9      61.1             15.4        10.97       -10.78  -44.49  8   3.23
  1  9  0  39.27  78.55   1.2178  0.6743   400.72   1  9  0       3.7              5.3         5.34         0.00    0.00  4   3.22
  2  4 12  39.37  78.74   1.2153  0.6771   402.40   2  4 12       0.3              1.0         1.00         0.10    5.51  8   3.21
  1  9  1  39.40  78.80   1.2146  0.6779   402.85   1  9  1       0.4              1.2        -1.11         0.56  153.52  8   3.21
  7  3  8  39.41  78.82   1.2143  0.6782   403.04   7  3  8       7.1              5.3         5.00        -1.60  -17.77  8   3.21
  8  4  4  39.44  78.88   1.2135  0.6791   403.58   8  4  4      27.1             10.3        10.20        -1.16   -6.46  8   3.21
  3  1 13  39.52  79.04   1.2115  0.6813   404.91   3  1 13      24.2              9.7        -7.41         6.28  139.74  8   3.20
  4  8  3  39.52  79.04   1.2114  0.6815   404.98   4  8  3      12.3              6.9         5.58        -4.11  -36.41  8   3.20
  5  7  5  39.62  79.23   1.2090  0.6841   406.57   5  7  5       4.6              4.3        -3.20         2.82  138.67  8   3.19
  2  6 10  39.62  79.25   1.2088  0.6844   406.74   2  6 10       4.7              4.3        -0.90         4.19  102.11  8   3.19
  9  1  4  39.68  79.35   1.2075  0.6859   407.60   9  1  4       4.2              4.1         3.59         1.92   28.17  8   3.19
  1  3 13  39.68  79.35   1.2075  0.6859   407.62   1  3 13      57.7             15.0         8.30       -12.53  -56.47  8   3.19
  2  8  6  39.68  79.36   1.2073  0.6861   407.71   2  8  6     103.8             20.2        20.14         1.17    3.32  8   3.19
  4  4 11  39.71  79.42   1.2067  0.6868   408.16   4  4 11       3.2              3.6        -1.08         3.38  107.78  8   3.18
  5  5  9  39.71  79.42   1.2066  0.6868   408.16   5  5  9       7.4              5.4        -5.05        -1.89 -159.52  8   3.18
  1  9  2  39.77  79.54   1.2051  0.6886   409.22   1  9  2      20.6              9.0        -1.91         8.80  102.27  8   3.18
  9  3  0  39.97  79.95   1.1999  0.6945   412.74   9  3  0       1.3              3.2        -3.25         0.00 -180.00  4   3.16
  6  4  9  40.06  80.12   1.1978  0.6970   414.22   6  4  9      11.3              6.7         2.31         6.28   69.81  8   3.15
  9  3  1  40.10  80.20   1.1969  0.6981   414.86   9  3  1      87.3             18.6       -12.25        14.00  131.17  8   3.15
  5  3 11  40.10  80.20   1.1968  0.6981   414.89   5  3 11       0.7              1.6         1.58        -0.40  -14.38  8   3.15
  8  2  7  40.11  80.21   1.1967  0.6983   415.00   8  2  7       0.7              1.6        -0.59        -1.53 -111.13  8   3.15
  1  7  9  40.18  80.36   1.1948  0.7005   416.30   1  7  9      96.3             19.6       -12.77        14.82  130.73  8   3.14
  0  0 14  40.19  80.38   1.1946  0.7007   416.41   0  0 14       0.0              0.8        -0.79         0.00 -180.00  2   3.14
  6  6  6  40.19  80.38   1.1946  0.7007   416.43   6  6  6       1.5              2.4         0.71         2.32   73.00  8   3.14
  3  7  8  40.20  80.40   1.1944  0.7010   416.60   3  7  8       0.5              1.4         0.01        -1.40  -89.58  8   3.14
  0  8  7  40.23  80.46   1.1936  0.7019   417.13   0  8  7       0.0              0.6         0.61         0.00    0.00  4   3.14
  1  9  3  40.39  80.77   1.1897  0.7065   419.84   1  9  3       1.4              2.3        -2.20        -0.78 -160.43  8   3.13
  4  8  4  40.39  80.78   1.1897  0.7065   419.85   4  8  4      48.9             14.0       -13.93         1.20  175.06  8   3.13
  3  5 11  40.41  80.83   1.1891  0.7073   420.31   3  5 11      54.4             14.7        -9.74       -11.06 -131.36  8   3.12
  6  0 11  40.45  80.90   1.1882  0.7083   420.94   6  0 11       1.3              3.2         0.00        -3.22  -90.00  4   3.12
1

  H  K  L  THETA  2THETA D VALUE  1/D**2 SIN2*1000  H  K  L INTENSITY         /F(HKL)/       A(HKL)      B(HKL) PHA.ANG. MULT   LPG

  4  6  9  40.45  80.91   1.1881  0.7084   421.00   4  6  9       5.2              4.6        -1.90         4.17  114.49  8   3.12
  9  3  2  40.47  80.94   1.1878  0.7088   421.23   9  3  2       1.5              2.4         0.40         2.41   80.50  8   3.12
  7  5  6  40.50  81.00   1.1870  0.7098   421.81   7  5  6       1.3              2.3         0.25         2.28   83.64  8   3.12
  8  4  5  40.55  81.11   1.1857  0.7113   422.70   8  4  5       2.3              3.1        -1.33         2.76  115.71  8   3.11
  5  1 12  40.66  81.33   1.1830  0.7145   424.63   5  1 12       1.5              2.4         0.10        -2.44  -87.55  8   3.10
  1  1 14  40.74  81.47   1.1813  0.7166   425.85   1  1 14      12.8              7.2         1.22        -7.07  -80.21  8   3.10
  9  1  5  40.79  81.57   1.1801  0.7180   426.72   9  1  5     168.8             26.1       -17.43       -19.43 -131.90  8   3.10
  8  0  8  40.82  81.64   1.1793  0.7190   427.30   8  0  8       4.7              6.1         6.15         0.00    0.00  4   3.09
  5  7  6  40.97  81.95   1.1757  0.7235   429.94   5  7  6       4.2              4.1         0.19        -4.14  -87.41  8   3.08
  9  3  3  41.08  82.17   1.1731  0.7267   431.86   9  3  3      33.3             11.6         7.27         9.09   51.34  8   3.07
  4  0 13  41.08  82.17   1.1731  0.7267   431.88   4  0 13       7.5              7.8         0.00         7.80   90.00  4   3.07
  1  5 12  41.14  82.27   1.1719  0.7282   432.76   1  5 12       8.8              6.0         2.82        -5.28  -61.90  8   3.07
  0  6 11  41.16  82.32   1.1713  0.7288   433.14   0  6 11      11.4              9.6         9.65         0.00    0.00  4   3.07
  2  0 14  41.24  82.49   1.1694  0.7313   434.62   2  0 14      46.4             19.5        19.47         0.00    0.00  4   3.06
  1  9  4  41.25  82.50   1.1692  0.7315   434.71   1  9  4       2.5              3.2        -0.89         3.04  106.26  8   3.06
  2  8  7  41.28  82.57   1.1684  0.7325   435.33   2  8  7       3.5              3.8         3.11         2.16   34.83  8   3.06
  0  2 14  41.32  82.64   1.1675  0.7336   435.97   0  2 14       2.7              4.7         4.72         0.00    0.00  4   3.05
  3  9  0  41.39  82.78   1.1660  0.7356   437.14   3  9  0       1.0              2.8        -2.85         0.00 -180.00  4   3.05
  0  4 13  41.40  82.80   1.1658  0.7358   437.30   0  4 13       0.0              0.3        -0.33         0.00 -180.00  4   3.05
  4  8  5  41.49  82.99   1.1635  0.7386   438.97   4  8  5      12.3              7.1         5.64         4.32   37.41  8   3.04
  7  3  9  41.51  83.01   1.1633  0.7390   439.16   7  3  9     115.9             21.8       -14.48       -16.32 -131.58  8   3.04
  3  9  1  41.51  83.02   1.1632  0.7391   439.26   3  9  1       0.2              0.8        -0.75        -0.27 -160.10  8   3.04
  7  1 10  41.58  83.15   1.1617  0.7410   440.40   7  1 10       1.0              2.0         1.34        -1.52  -48.67  8   3.04
  6  2 11  41.58  83.17   1.1615  0.7412   440.51   6  2 11       9.7              6.3        -4.20         4.72  131.63  8   3.03
  3  3 13  41.79  83.57   1.1569  0.7472   444.03   3  3 13      43.4             13.4        -9.72        -9.23 -136.49  8   3.02
  6  6  7  41.79  83.58   1.1569  0.7472   444.05   6  6  7       1.6              2.5        -2.11         1.41  146.20  8   3.02
  3  9  2  41.88  83.76   1.1548  0.7499   445.64   3  9  2       3.8              4.0         3.69        -1.44  -21.33  8   3.01
  8  4  6  41.90  83.81   1.1542  0.7506   446.07   8  4  6       0.0              0.4        -0.37         0.19  152.62  8   3.01
  9  3  4  41.94  83.88   1.1534  0.7517   446.73   9  3  4      13.7              7.5        -1.10        -7.47  -98.38  8   3.01
  8  2  8  41.95  83.90   1.1532  0.7519   446.87   8  2  8       0.5              1.4         1.12        -0.86  -37.63  8   3.01
  5  5 10  42.05  84.09   1.1511  0.7547   448.53   5  5 10       6.9              5.3         1.99        -4.97  -68.17  8   3.00
  0  8  8  42.07  84.14   1.1505  0.7555   448.99   0  8  8      21.1             13.3        13.26         0.00    0.00  4   3.00
  7  5  7  42.10  84.19   1.1499  0.7562   449.43   7  5  7       2.7              3.4        -1.57        -3.00 -117.71  8   3.00
  9  1  6  42.14  84.27   1.1491  0.7574   450.09   9  1  6       5.2              4.6         0.42        -4.62  -84.84  8   3.00
  2  6 11  42.21  84.42   1.1475  0.7595   451.35   2  6 11      20.5              9.3        -9.21         1.02  173.69  8   2.99
  4  2 13  42.21  84.43   1.1474  0.7596   451.44   4  2 13       6.6              5.2         4.90        -1.88  -20.98  8   2.99
  3  7  9  42.29  84.57   1.1457  0.7618   452.71   3  7  9      21.8              9.6        -8.45        -4.48 -152.07  8   2.99
  1  9  5  42.35  84.70   1.1443  0.7637   453.84   1  9  5       2.8              3.4        -3.40        -0.31 -174.72  8   2.98
  2  2 14  42.37  84.74   1.1439  0.7642   454.18   2  2 14       4.5              4.4        -1.66        -4.04 -112.31  8   2.98
  6  4 10  42.39  84.79   1.1434  0.7649   454.58   6  4 10      13.3              7.5         7.39         1.06    8.14  8   2.98
 10  0  0  42.43  84.86   1.1426  0.7660   455.21  10  0  0       0.1              1.1         1.10         0.00    0.00  2   2.98
  2  4 13  42.45  84.90   1.1422  0.7665   455.51   2  4 13       5.5              4.8         4.15         2.45   30.62  8   2.98
  3  9  3  42.49  84.98   1.1413  0.7677   456.26   3  9  3      26.9             10.6         8.04         6.95   40.82  8   2.97
  1  7 10  42.51  85.03   1.1408  0.7684   456.66   1  7 10       0.8              1.8        -1.32        -1.21 -137.57  8   2.97
  4  4 12  42.53  85.07   1.1403  0.7690   457.02   4  4 12       0.7              1.7         1.26        -1.10  -41.07  8   2.97
 10  0  1  42.55  85.10   1.1399  0.7695   457.33  10  0  1       2.0              4.1         0.00         4.13   90.00  4   2.97
  5  7  7  42.57  85.13   1.1397  0.7699   457.56   5  7  7      15.4              8.0         4.91         6.38   52.45  8   2.97
  4  6 10  42.78  85.57   1.1350  0.7763   461.36   4  6 10      15.9              8.2         8.12         1.10    7.70  8   2.95
  3  1 14  42.84  85.67   1.1338  0.7779   462.27   3  1 14      14.8              7.9        -0.15         7.91   91.08  8   2.95
  4  8  6  42.84  85.68   1.1338  0.7780   462.34   4  8  6       0.1              0.6        -0.53         0.33  147.63  8   2.95
  7  7  0  42.86  85.72   1.1333  0.7786   462.71   7  7  0       4.5              6.2        -6.18         0.00 -180.00  4   2.95
  8  0  9  42.90  85.80   1.1324  0.7798   463.42   8  0  9       0.9              2.8         0.00        -2.80  -90.00  4   2.95
 10  0  2  42.92  85.84   1.1321  0.7803   463.70  10  0  2       4.2              6.0        -5.97         0.00 -180.00  4   2.94
  5  3 12  42.92  85.84   1.1320  0.7804   463.75   5  3 12       0.4              1.3         1.27         0.20    8.94  8   2.94
  7  7  1  42.98  85.97   1.1307  0.7822   464.83   7  7  1       2.4              3.2        -2.83        -1.49 -152.20  8   2.94
  1  3 14  42.99  85.98   1.1305  0.7824   464.98   1  3 14       0.9              2.0        -0.64         1.87  108.81  8   2.94
  9  3  5  43.04  86.08   1.1295  0.7839   465.85   9  3  5      25.0             10.3         6.31        -8.15  -52.25  8   2.94
1

  H  K  L  THETA  2THETA D VALUE  1/D**2 SIN2*1000  H  K  L INTENSITY         /F(HKL)/       A(HKL)      B(HKL) PHA.ANG. MULT   LPG

  2  8  8  43.12  86.24   1.1278  0.7862   467.20   2  8  8       0.6              1.6        -0.23         1.60   98.05  8   2.93
  8  6  0  43.13  86.26   1.1276  0.7865   467.41   8  6  0       0.0              0.4         0.41         0.00    0.00  4   2.93
  3  5 12  43.23  86.47   1.1255  0.7895   469.18   3  5 12       0.7              1.7        -0.11        -1.67  -93.71  8   2.93
  8  6  1  43.25  86.51   1.1250  0.7901   469.53   8  6  1       1.7              2.7        -2.04         1.71  140.05  8   2.92
  6  0 12  43.27  86.54   1.1247  0.7905   469.81   6  0 12       0.0              0.5         0.53         0.00    0.00  4   2.92
  3  9  4  43.35  86.69   1.1231  0.7928   471.13   3  9  4       7.0              5.5         0.01         5.48   89.85  8   2.92
  7  7  2  43.35  86.70   1.1230  0.7929   471.21   7  7  2      34.4             12.1         1.78       -12.00  -81.55  8   2.92
  8  4  7  43.49  86.98   1.1201  0.7971   473.69   8  4  7       6.6              5.3        -4.36         3.07  144.85  8   2.91
 10  0  3  43.53  87.06   1.1193  0.7981   474.33  10  0  3       8.2              8.4         0.00        -8.39  -90.00  4   2.91
 10  2  0  43.55  87.11   1.1188  0.7989   474.77  10  2  0       9.4              9.0         8.98         0.00    0.00  4   2.91
  8  6  2  43.62  87.24   1.1175  0.8008   475.91   8  6  2      26.5             10.7        10.60        -1.35   -7.24  8   2.90
  6  6  8  43.62  87.24   1.1175  0.8008   475.92   6  6  8      13.1              7.5         7.39         1.33   10.20  8   2.90
 10  2  1  43.68  87.35   1.1163  0.8025   476.89  10  2  1       3.9              4.1         3.98        -1.00  -14.09  8   2.90
  6  8  0  43.68  87.35   1.1163  0.8025   476.90   6  8  0       0.0              0.0        -0.05         0.00 -180.00  4   2.90
  1  9  6  43.69  87.39   1.1160  0.8030   477.21   1  9  6       2.4              3.2        -0.15        -3.20  -92.69  8   2.90
  9  1  7  43.72  87.44   1.1154  0.8038   477.71   9  1  7     144.1             24.9        16.32       -18.84  -49.11  8   2.90
  5  1 13  43.72  87.45   1.1153  0.8039   477.74   5  1 13      27.3             10.9        -6.82        -8.45 -128.92  8   2.90
  6  8  1  43.80  87.60   1.1138  0.8060   479.02   6  8  1       9.0              6.2         5.14        -3.49  -34.19  8   2.89
  7  3 10  43.83  87.65   1.1133  0.8069   479.52   7  3 10       0.6              1.7        -1.65         0.01  179.60  8   2.89
  7  5  8  43.93  87.86   1.1112  0.8099   481.30   7  5  8       1.4              2.4         2.42        -0.06   -1.47  8   2.88
  7  7  3  43.96  87.92   1.1106  0.8108   481.83   7  7  3      20.2              9.4         6.22        -6.99  -48.30  8   2.88
  0  6 12  43.97  87.94   1.1104  0.8111   482.01   0  6 12       0.0              0.3        -0.33         0.00  180.00  4   2.88
  8  2  9  44.02  88.05   1.1093  0.8127   482.98   8  2  9       0.6              1.6        -0.28         1.56  100.10  8   2.88
 10  2  2  44.04  88.08   1.1089  0.8132   483.27  10  2  2       0.1              0.8         0.75         0.05    3.71  8   2.88
  7  1 11  44.14  88.28   1.1069  0.8161   485.01   7  1 11       8.7              6.1         5.35         3.02   29.43  8   2.87
  0  8  9  44.15  88.29   1.1068  0.8163   485.11   0  8  9       2.4              4.6        -4.57         0.00  180.00  4   2.87
  6  8  2  44.16  88.33   1.1065  0.8168   485.40   6  8  2      16.4              8.4        -8.13        -2.29 -164.30  8   2.87
  1  5 13  44.19  88.38   1.1060  0.8176   485.87   1  5 13     159.7             26.4       -19.21       -18.05 -136.79  8   2.87
  8  6  3  44.23  88.46   1.1052  0.8187   486.53   8  6  3       0.1              0.5         0.42         0.33   38.17  8   2.87
  1  1 15  44.28  88.56   1.1041  0.8202   487.46   1  1 15       0.7              1.7        -0.46        -1.63 -105.90  8   2.87
  0 10  0  44.38  88.75   1.1023  0.8230   489.10   0 10  0       0.1              1.0        -0.96         0.00  180.00  2   2.86
 10  0  4  44.38  88.76   1.1022  0.8232   489.20  10  0  4       0.0              0.6        -0.60         0.00  180.00  4   2.86
  9  3  6  44.38  88.76   1.1022  0.8232   489.22   9  3  6      10.1              6.6         5.25         4.05   37.62  8   2.86
  4  0 14  44.38  88.77   1.1021  0.8232   489.24   4  0 14       1.1              3.0        -3.03         0.00 -180.00  4   2.86
  6  2 12  44.39  88.78   1.1020  0.8235   489.37   6  2 12       5.2              4.8        -4.76        -0.18 -177.82  8   2.86
  5  7  8  44.39  88.79   1.1019  0.8236   489.43   5  7  8       0.2              0.9         0.69        -0.55  -38.68  8   2.86
  4  8  7  44.42  88.85   1.1013  0.8244   489.96   4  8  7      25.7             10.6       -10.58         0.71  176.18  8   2.86
  3  9  5  44.44  88.88   1.1010  0.8249   490.25   3  9  5     218.0             30.9       -21.70        21.96  134.65  8   2.86
  9  5  0  44.48  88.97   1.1002  0.8262   490.99   9  5  0       0.6              2.3        -2.28         0.00  180.00  4   2.85
  0 10  1  44.50  88.99   1.0999  0.8266   491.22   0 10  1      15.8             11.8       -11.78         0.00  180.00  4   2.85
  3  7 10  44.60  89.21   1.0978  0.8297   493.08   3  7 10      15.1              8.1        -5.22        -6.24 -129.92  8   2.85
  9  5  1  44.61  89.21   1.0978  0.8298   493.12   9  5  1      10.3              6.7         3.53         5.71   58.24  8   2.85
  5  5 11  44.61  89.21   1.0978  0.8298   493.14   5  5 11      46.5             14.3         9.39       -10.75  -48.88  8   2.85
 10  2  3  44.65  89.30   1.0969  0.8311   493.89  10  2  3      26.6             10.8        -6.67         8.49  128.13  8   2.85
  0  4 14  44.69  89.39   1.0961  0.8324   494.66   0  4 14       0.0              0.4        -0.44         0.00  180.00  4   2.84
  6  8  3  44.77  89.54   1.0946  0.8346   496.02   6  8  3      17.7              8.8         8.42         2.65   17.44  8   2.84
  2  0 15  44.78  89.57   1.0944  0.8350   496.23   2  0 15       4.7              6.4         0.00         6.42   90.00  4   2.84
  7  7  4  44.81  89.62   1.0938  0.8358   496.70   7  7  4       1.3              2.4         1.65         1.76   46.93  8   2.84
  0  2 15  44.86  89.72   1.0929  0.8373   497.58   0  2 15       2.3              4.5         4.51         0.00    0.00  4   2.84
  0 10  2  44.86  89.72   1.0928  0.8373   497.60   0 10  2     109.6             31.1        31.08         0.00    0.00  4   2.84
  6  4 11  44.95  89.91   1.0911  0.8400   499.20   6  4 11      16.9              8.6        -2.29        -8.33 -105.36  8   2.83
  9  5  2  44.97  89.94   1.0908  0.8405   499.49   9  5  2       0.0              0.0         0.01        -0.01  -26.97  8   2.83
  2  6 12  45.01  90.02   1.0900  0.8417   500.22   2  6 12      12.8              7.5         7.36         1.51   11.58  8   2.83
  1  7 11  45.07  90.15   1.0888  0.8435   501.28   1  7 11      19.2              9.2         8.49         3.57   22.82  8   2.82
  3  3 14  45.08  90.16   1.0887  0.8437   501.40   3  3 14       0.0              0.4         0.40        -0.06   -8.53  8   2.82
  8  6  4  45.08  90.16   1.0887  0.8437   501.40   8  6  4       0.4              1.3         0.03         1.34   88.76  8   2.82
  2  8  9  45.19  90.38   1.0866  0.8469   503.32   2  8  9       4.1              4.3         3.95        -1.61  -22.20  8   2.82

  H  K  L  THETA  2THETA D VALUE  1/D**2 SIN2*1000  H  K  L INTENSITY         /F(HKL)/       A(HKL)      B(HKL) PHA.ANG. MULT   LPG

  8  0 10  45.22  90.43   1.0861  0.8477   503.79   8  0 10       0.5              2.0        -2.02         0.00 -180.00  4   2.82
  1  9  7  45.28  90.55   1.0850  0.8495   504.82   1  9  7       6.6              5.4        -2.36         4.87  115.82  8   2.82
  8  4  8  45.32  90.64   1.0842  0.8507   505.56   8  4  8     217.6             31.1        31.05         1.45    2.67  8   2.81
  4  6 11  45.34  90.68   1.0838  0.8514   505.98   4  6 11       7.3              5.7         5.66        -0.70   -7.02  8   2.81
  2 10  0  45.42  90.84   1.0823  0.8536   507.31   2 10  0      13.9             11.1       -11.13         0.00  180.00  4   2.81
  0 10  3  45.47  90.94   1.0814  0.8552   508.22   0 10  3       1.9              4.1        -4.08         0.00  180.00  4   2.81
 10  0  5  45.48  90.95   1.0813  0.8553   508.32  10  0  5       3.5              5.6         0.00         5.60   90.00  4   2.81
 10  2  4  45.50  91.00   1.0808  0.8561   508.76  10  2  4     109.6             22.1        22.03         1.68    4.35  8   2.80
  4  2 14  45.50  91.01   1.0807  0.8562   508.81   4  2 14      79.0             18.8       -18.56        -2.79 -171.46  8   2.80
  2 10  1  45.54  91.08   1.0801  0.8572   509.43   2 10  1       1.3              2.4        -1.92         1.44  143.08  8   2.80
  9  1  8  45.55  91.10   1.0799  0.8575   509.58   9  1  8      20.3              9.5         3.46        -8.85  -68.63  8   2.80
  5  9  0  45.57  91.14   1.0795  0.8581   509.97   5  9  0       1.8              4.0         4.00         0.00    0.00  4   2.80
  9  5  3  45.58  91.16   1.0794  0.8584   510.11   9  5  3       3.2              3.8         1.88        -3.27  -60.13  8   2.80
  4  4 13  45.58  91.16   1.0793  0.8584   510.14   4  4 13      11.8              7.2        -4.67        -5.55 -130.06  8   2.80
  6  8  4  45.62  91.25   1.0785  0.8597   510.89   6  8  4       1.3              2.4        -0.93         2.20  112.84  8   2.80
  6  6  9  45.69  91.38   1.0773  0.8616   512.04   6  6  9       1.6              2.7        -0.62        -2.59 -103.48  8   2.80
  5  9  1  45.69  91.39   1.0773  0.8617   512.10   5  9  1       6.0              5.2         3.91         3.39   40.90  8   2.80
  2  4 14  45.74  91.48   1.0764  0.8630   512.87   2  4 14       9.1              6.4         6.37         0.07    0.67  8   2.79
  3  9  6  45.78  91.56   1.0757  0.8643   513.62   3  9  6      12.8              7.6        -7.23         2.26  162.68  8   2.79
  2  2 15  45.90  91.81   1.0734  0.8679   515.79   2  2 15       0.4              1.4        -1.34        -0.23 -170.45  8   2.79
  2 10  2  45.91  91.81   1.0734  0.8679   515.81   2 10  2       1.0              2.1        -0.73        -1.96 -110.44  8   2.79
  7  7  5  45.91  91.81   1.0734  0.8680   515.82   7  7  5      14.8              8.1        -5.43        -6.07 -131.83  8   2.79
  9  3  7  45.96  91.93   1.0723  0.8697   516.84   9  3  7       3.7              4.1        -0.50        -4.04  -97.05  8   2.78
  5  3 13  45.97  91.93   1.0723  0.8697   516.87   5  3 13      66.0             17.2        11.89       -12.45  -46.34  8   2.78
  7  5  9  46.00  92.00   1.0717  0.8706   517.41   7  5  9      14.5              8.1         4.06        -6.96  -59.71  8   2.78
  5  9  2  46.06  92.12   1.0706  0.8724   518.47   5  9  2      14.1              8.0        -1.65         7.79  101.95  8   2.78
  8  6  5  46.18  92.35   1.0685  0.8759   520.52   8  6  5       9.8              6.6         6.64        -0.38   -3.28  8   2.77
  4  8  8  46.25  92.50   1.0672  0.8781   521.83   4  8  8      24.7             10.6        10.53         0.70    3.78  8   2.77
  3  5 13  46.28  92.56   1.0667  0.8789   522.29   3  5 13       4.6              4.5         0.67        -4.50  -81.54  8   2.77
  6  0 13  46.31  92.63   1.0661  0.8799   522.92   6  0 13       1.6              3.8         0.00        -3.83  -90.00  4   2.77
  0 10  4  46.32  92.65   1.0659  0.8802   523.09   0 10  4       0.3              1.6         1.65         0.00    0.00  4   2.77
  8  2 10  46.34  92.68   1.0656  0.8806   523.35   8  2 10       2.3              3.2        -2.09         2.41  130.97  8   2.77
  3  1 15  46.37  92.74   1.0651  0.8815   523.88   3  1 15       6.7              5.5         4.64         2.94   32.37  8   2.77
  7  3 11  46.38  92.77   1.0648  0.8820   524.14   7  3 11      12.3              7.5         6.78        -3.09  -24.46  8   2.77
  9  5  4  46.43  92.86   1.0640  0.8834   524.98   9  5  4       2.2              3.2         0.34         3.16   83.90  8   2.76
  0  8 10  46.46  92.92   1.0635  0.8842   525.48   0  8 10       0.1              1.1         1.07         0.00    0.00  4   2.76
  5  7  9  46.46  92.93   1.0634  0.8843   525.55   5  7  9      99.1             21.2       -17.37        12.10  145.12  8   2.76
  2 10  3  46.51  93.03   1.0625  0.8858   526.43   2 10  3       1.9              2.9        -2.82        -0.82 -163.74  8   2.76
  1  3 15  46.52  93.05   1.0623  0.8861   526.59   1  3 15       6.5              5.4        -3.78        -3.90 -134.08  8   2.76
 10  2  5  46.60  93.20   1.0610  0.8883   527.88  10  2  5       9.2              6.4        -0.17        -6.44  -91.50  8   2.76
  5  9  3  46.67  93.34   1.0598  0.8903   529.09   5  9  3       7.2              5.7        -2.53         5.13  116.25  8   2.75
  6  8  5  46.72  93.44   1.0589  0.8918   530.01   6  8  5       4.0              4.3        -4.09        -1.22 -163.34  8   2.75
 10  0  6  46.82  93.63   1.0572  0.8947   531.69  10  0  6      88.9             28.4       -28.43         0.00  180.00  4   2.75
 10  4  0  46.92  93.84   1.0555  0.8976   533.46  10  4  0       0.4              1.9         1.88         0.00    0.00  4   2.74
  7  1 12  46.94  93.88   1.0551  0.8983   533.87   7  1 12      14.0              8.0        -2.71         7.53  109.77  8   2.74
  5  1 14  47.01  94.03   1.0539  0.9004   535.10   5  1 14       0.3              1.3        -0.79        -0.98 -129.15  8   2.74
  0  6 13  47.01  94.03   1.0538  0.9004   535.12   0  6 13       0.8              2.6        -2.63         0.00  180.00  4   2.74
 10  4  1  47.04  94.08   1.0534  0.9012   535.59  10  4  1       4.3              4.4        -0.50         4.40   96.47  8   2.74
  1  9  8  47.10  94.21   1.0523  0.9031   536.69   1  9  8      14.9              8.2        -0.54         8.22   93.73  8   2.74
  3  7 11  47.16  94.32   1.0513  0.9048   537.70   3  7 11      50.6             15.2        11.52        -9.92  -40.72  8   2.74
  7  7  6  47.25  94.50   1.0498  0.9073   539.19   7  7  6       6.0              5.2         0.05         5.23   89.41  8   2.73
  3  9  7  47.37  94.73   1.0479  0.9107   541.24   3  9  7     132.6             24.6        17.55        17.30   44.59  8   2.73
  2 10  4  47.37  94.74   1.0478  0.9108   541.30   2 10  4      24.6             10.6        10.37         2.27   12.34  8   2.73
  8  4  9  47.39  94.78   1.0474  0.9115   541.67   8  4  9       7.0              5.7        -5.49         1.36  166.05  8   2.73
 10  4  2  47.41  94.81   1.0472  0.9119   541.96  10  4  2      49.2             15.0        15.02         0.45    1.71  8   2.73
  5  5 12  47.41  94.82   1.0471  0.9120   542.01   5  5 12       2.3              3.3         2.72         1.80   33.53  8   2.73
  0 10  5  47.42  94.84   1.0469  0.9124   542.21   0 10  5       1.6              3.9         3.85         0.00    0.00  4   2.73

  H  K  L  THETA  2THETA D VALUE  1/D**2 SIN2*1000  H  K  L INTENSITY         /F(HKL)/       A(HKL)      B(HKL) PHA.ANG. MULT   LPG

  6  2 13  47.44  94.87   1.0467  0.9128   542.48   6  2 13      10.8              7.0        -7.01        -0.54 -175.57  8   2.73
  1  5 14  47.48  94.96   1.0459  0.9141   543.24   1  5 14      13.0              7.7        -4.08         6.57  121.86  8   2.72
  2  8 10  47.51  95.01   1.0455  0.9149   543.68   2  8 10     107.3             22.2        22.13        -1.56   -4.04  8   2.72
  0  0 16  47.52  95.03   1.0453  0.9152   543.88   0  0 16      10.7             14.0        14.00         0.00    0.00  2   2.72
  8  6  6  47.52  95.04   1.0453  0.9152   543.89   8  6  6      21.0              9.8         9.67        -1.67   -9.77  8   2.72
  5  9  4  47.52  95.04   1.0452  0.9153   543.96   5  9  4       0.6              1.7         0.85         1.46   59.88  8   2.72
  9  5  5  47.53  95.06   1.0451  0.9156   544.10   9  5  5      82.8             19.5       -14.24       -13.31 -136.94  8   2.72
  9  1  9  47.62  95.24   1.0436  0.9182   545.69   9  1  9       1.0              2.2         2.16         0.16    4.18  8   2.72
  6  4 12  47.76  95.52   1.0413  0.9222   548.06   6  4 12       0.4              1.3         0.81        -1.08  -53.23  8   2.71
  8  0 11  47.78  95.55   1.0410  0.9228   548.40   8  0 11       0.4              1.9         0.00        -1.89  -90.00  4   2.71
  9  3  8  47.80  95.59   1.0407  0.9233   548.71   9  3  8       5.8              5.2        -1.10         5.07  102.26  8   2.71
  1  7 12  47.88  95.76   1.0393  0.9257   550.14   1  7 12      13.4              7.9        -2.69        -7.39 -110.04  8   2.71
  4  0 15  47.92  95.84   1.0387  0.9269   550.85   4  0 15       2.9              5.2         0.00        -5.19  -90.00  4   2.71
 10  2  6  47.94  95.88   1.0383  0.9276   551.25  10  2  6       3.7              4.1        -3.79         1.67  156.28  8   2.71
  6  6 10  48.01  96.02   1.0372  0.9295   552.40   6  6 10       0.2              1.0        -0.08         1.03   94.37  8   2.71
 10  4  3  48.02  96.04   1.0370  0.9298   552.58  10  4  3       5.2              4.9        -0.26        -4.90  -92.99  8   2.71
  1  1 16  48.06  96.12   1.0364  0.9311   553.32   1  1 16       0.9              2.0         0.63         1.91   71.66  8   2.70
  2  6 13  48.06  96.12   1.0363  0.9311   553.33   2  6 13      10.7              7.0        -7.03         0.31  177.47  8   2.70
  6  8  6  48.06  96.13   1.0363  0.9312   553.38   6  8  6      42.0             13.9        13.92         0.11    0.44  8   2.70
  4  6 12  48.15  96.30   1.0349  0.9336   554.84   4  6 12       6.7              5.6        -1.03         5.48  100.60  8   2.70
 11  1  0  48.20  96.39   1.0341  0.9351   555.69  11  1  0       0.6              2.4         2.39         0.00    0.00  4   2.70
  0  4 15  48.23  96.46   1.0336  0.9360   556.28   0  4 15       9.5              9.4        -9.40         0.00  180.00  4   2.70
  7  5 10  48.32  96.64   1.0322  0.9386   557.78   7  5 10       1.4              2.6        -0.58         2.50  103.03  8   2.70
 11  1  1  48.32  96.64   1.0322  0.9386   557.81  11  1  1      55.8             16.1        10.63       -12.07  -48.62  8   2.70
  4  8  9  48.33  96.65   1.0321  0.9388   557.94   4  8  9      14.0              8.1        -7.93         1.48  169.41  8   2.70
 10  0  7  48.41  96.81   1.0308  0.9411   559.31  10  0  7       0.0              0.3         0.00         0.31   90.00  4   2.69
  2 10  5  48.47  96.94   1.0298  0.9430   560.42   2 10  5      11.0              7.1        -7.14         0.27  177.81  8   2.69
  4 10  0  48.56  97.12   1.0284  0.9456   561.93   4 10  0       0.5              2.2        -2.17         0.00 -180.00  4   2.69
  2  0 16  48.57  97.13   1.0282  0.9458   562.09   2  0 16       2.5              4.8         4.84         0.00    0.00  4   2.69
  3  3 15  48.62  97.24   1.0274  0.9474   563.01   3  3 15      24.2             10.6         7.78        -7.21  -42.83  8   2.69
  5  9  5  48.62  97.25   1.0273  0.9475   563.08   5  9  5       1.3              2.5        -1.28        -2.14 -120.80  8   2.69
  0  2 16  48.64  97.29   1.0270  0.9481   563.44   0  2 16       2.0              4.3         4.33         0.00    0.00  4   2.69
  4 10  1  48.68  97.36   1.0264  0.9491   564.06   4 10  1       0.6              1.7         1.28        -1.14  -41.73  8   2.69
 11  1  2  48.69  97.38   1.0263  0.9494   564.19  11  1  2       2.3              3.3         2.52         2.06   39.24  8   2.68
  0 10  6  48.77  97.54   1.0251  0.9517   565.58   0 10  6       4.0              6.1         6.10         0.00    0.00  4   2.68
  5  7 10  48.79  97.58   1.0248  0.9523   565.91   5  7 10       7.2              5.8        -3.13        -4.90 -122.57  8   2.68
  7  7  7  48.84  97.68   1.0240  0.9538   566.81   7  7  7      28.2             11.5         6.23        -9.62  -57.09  8   2.68
 10  4  4  48.88  97.75   1.0234  0.9548   567.45  10  4  4       1.1              2.3        -0.59        -2.18 -105.18  8   2.68
  9  5  6  48.88  97.76   1.0234  0.9549   567.47   9  5  6       8.2              6.2        -0.37        -6.17  -93.41  8   2.68
  4  4 14  48.88  97.76   1.0233  0.9549   567.50   4  4 14       0.5              1.5        -1.49        -0.29 -169.12  8   2.68
  8  2 11  48.91  97.81   1.0229  0.9557   567.96   8  2 11       1.4              2.5         1.34         2.13   57.75  8   2.68
  0  8 11  49.03  98.06   1.0210  0.9593   570.09   0  8 11       1.3              3.5         3.54         0.00    0.00  4   2.68
  4  2 15  49.05  98.10   1.0207  0.9598   570.42   4  2 15       0.2              1.0         0.20         1.01   78.97  8   2.67
  4 10  2  49.05  98.10   1.0207  0.9599   570.43   4 10  2      25.2             10.8        10.81         0.88    4.66  8   2.67
  8  6  7  49.11  98.22   1.0197  0.9617   571.51   8  6  7       0.5              1.5         1.26        -0.73  -30.09  8   2.67
  1  9  9  49.19  98.37   1.0186  0.9639   572.81   1  9  9      24.1             10.6         8.33         6.59   38.34  8   2.67
  7  3 12  49.20  98.40   1.0184  0.9642   573.00   7  3 12       1.5              2.7        -0.07         2.69   91.50  8   2.67
  3  9  8  49.20  98.41   1.0183  0.9644   573.11   3  9  8      24.5             10.7         1.73       -10.58  -80.68  8   2.67
  5  3 14  49.27  98.54   1.0173  0.9662   574.23   5  3 14      16.4              8.8         1.00         8.71   83.45  8   2.67
  2  4 15  49.28  98.57   1.0171  0.9667   574.48   2  4 15      17.8              9.1         7.26        -5.52  -37.27  8   2.67
 11  1  3  49.30  98.60   1.0168  0.9672   574.81  11  1  3      29.7             11.8        -8.01        -8.66 -132.76  8   2.67
 10  2  7  49.54  99.08   1.0132  0.9741   578.87  10  2  7      12.6              7.7        -3.66        -6.75 -118.45  8   2.66
  3  5 14  49.58  99.17   1.0125  0.9754   579.65   3  5 14       1.3              2.5         0.72        -2.41  -73.38  8   2.66
  6  0 14  49.62  99.24   1.0120  0.9764   580.28   6  0 14      34.8             18.1       -18.08         0.00  180.00  4   2.66
  6  8  7  49.66  99.32   1.0114  0.9776   581.00   6  8  7      14.7              8.3         7.78         2.89   20.39  8   2.66
  4 10  3  49.66  99.33   1.0113  0.9777   581.05   4 10  3       4.2              4.4         2.60         3.58   54.00  8   2.66
  2  2 16  49.70  99.40   1.0108  0.9787   581.65   2  2 16      88.8             20.4        20.31        -2.23   -6.26  8   2.66

  H  K  L  THETA  2THETA D VALUE  1/D**2 SIN2*1000  H  K  L INTENSITY         /F(HKL)/       A(HKL)      B(HKL) PHA.ANG. MULT   LPG

  8  4 10  49.72  99.44   1.0105  0.9794   582.04   8  4 10       0.0              0.4         0.23        -0.32  -54.53  8   2.66
  2 10  6  49.82  99.65   1.0090  0.9823   583.79   2 10  6       1.7              2.8         1.48        -2.38  -58.10  8   2.66
  9  3  9  49.88  99.77   1.0081  0.9841   584.82   9  3  9      61.0             17.0       -11.66        12.30  133.47  8   2.65
  9  1 10  49.96  99.91   1.0070  0.9862   586.06   9  1 10       2.1              3.1        -1.84         2.55  125.82  8   2.65
  5  9  6  49.98  99.96   1.0067  0.9868   586.45   5  9  6       6.7              5.6        -5.62         0.08  179.18  8   2.65
  3  7 12  49.98  99.97   1.0066  0.9870   586.56   3  7 12       7.3              5.9         5.21         2.69   27.32  8   2.65
 10  4  5  49.99  99.97   1.0066  0.9870   586.57  10  4  5       2.5              3.4         0.53         3.39   81.12  8   2.65
