5.574900
5.574900
7.903400
90.000000
90.000000
90.000000
1.5418
  H  K  L  THETA  2THETA D VALUE  1/D**2 SIN2*1000  H  K  L INTENSITY         /F(HKL)/       A(HKL)      B(HKL) PHA.ANG. MULT   LPG

  1  0  1   9.48  18.95   4.5556  0.0482    27.10   1  0  1       5.2              0.3         0.28         0.00    0.00  8  37.41
  0  0  2  10.94  21.88   3.9517  0.0640    36.02   0  0  2      91.0              2.6         2.65         0.00    0.00  2  28.28
  1  1  0  10.97  21.94   3.9420  0.0644    36.20   1  1  0     175.2              2.6         2.60         0.00    0.00  4  28.14
  1  1  2  15.59  31.18   2.7909  0.1284    72.22   1  1  2     332.3              3.5         3.55         0.00    0.00  8  14.38
  2  0  0  15.61  31.22   2.7875  0.1287    72.39   2  0  0     161.8              3.5         3.51         0.00    0.00  4  14.34
  1  0  3  18.35  36.71   2.3819  0.1763    99.15   1  0  3      27.0              1.2         1.18         0.00    0.00  8  10.63
  2  1  1  18.39  36.77   2.3777  0.1769    99.50   2  1  1       0.1              0.0        -0.05         0.00  180.00 16  10.59
  2  0  2  19.22  38.45   2.2778  0.1927   108.42   2  0  2     708.0              6.3        -6.28         0.00  180.00  8   9.77
  0  0  4  22.31  44.62   1.9758  0.2561   144.08   0  0  4     489.1             11.9        11.92         0.00    0.00  2   7.50
  2  2  0  22.37  44.73   1.9710  0.2574   144.79   2  2  0    1000.0             12.1        12.08         0.00    0.00  4   7.47
  2  1  3  24.47  48.93   1.8108  0.3050   171.54   2  1  3      16.5              0.8         0.84         0.00    0.00 16   6.40
  3  0  1  24.49  48.99   1.8090  0.3056   171.89   3  0  1       1.4              0.3        -0.35         0.00  180.00  8   6.39
  1  1  4  25.13  50.25   1.7664  0.3205   180.28   1  1  4      57.5              2.3         2.26         0.00    0.00  8   6.13
  2  2  2  25.16  50.33   1.7638  0.3214   180.81   2  2  2      68.0              2.5         2.46         0.00    0.00  8   6.11
  3  1  0  25.18  50.36   1.7629  0.3218   180.99   3  1  0      65.7              2.4         2.42         0.00    0.00  8   6.11
  2  0  4  27.73  55.46   1.6120  0.3849   216.48   2  0  4      92.6              3.1         3.11         0.00    0.00  8   5.22
  3  1  2  27.76  55.53   1.6100  0.3858   217.01   3  1  2     209.0              3.3         3.31         0.00    0.00 16   5.21
  1  0  5  29.55  59.10   1.5207  0.4324   243.23   1  0  5       2.8              0.6        -0.57         0.00  180.00  8   4.73
  3  0  3  29.60  59.19   1.5185  0.4337   243.94   3  0  3       2.3              0.5         0.52         0.00    0.00  8   4.71
  3  2  1  29.62  59.24   1.5174  0.4343   244.29   3  2  1       5.1              0.5         0.54         0.00    0.00 16   4.71
  2  2  4  32.51  65.02   1.3954  0.5136   288.87   2  2  4     937.8             11.2        11.16         0.00    0.00  8   4.11
  4  0  0  32.56  65.11   1.3937  0.5148   289.58   4  0  0     480.6             11.3        11.31         0.00    0.00  4   4.10
  2  1  5  34.18  68.36   1.3350  0.5611   315.62   2  1  5       9.8              0.8        -0.83         0.00  180.00 16   3.83
  3  2  3  34.22  68.45   1.3335  0.5624   316.33   3  2  3      25.6              1.4         1.35         0.00    0.00 16   3.82
  4  1  1  34.25  68.49   1.3327  0.5630   316.68   4  1  1       0.8              0.2         0.24         0.00    0.00 16   3.82
  0  0  6  34.71  69.41   1.3172  0.5763   324.19   0  0  6      12.2              2.7         2.66         0.00    0.00  2   3.75
  3  1  4  34.76  69.52   1.3154  0.5779   325.07   3  1  4      60.6              2.1         2.10         0.00    0.00 16   3.74
  4  0  2  34.79  69.59   1.3144  0.5788   325.60   4  0  2      35.9              2.3         2.29         0.00    0.00  8   3.74
  3  3  0  34.80  69.61   1.3140  0.5792   325.78   3  3  0      18.6              2.3         2.33         0.00    0.00  4   3.74
  1  1  6  36.89  73.79   1.2493  0.6407   360.39   1  1  6      75.8              3.5         3.45         0.00    0.00  8   3.47
  3  3  2  36.98  73.95   1.2469  0.6432   361.80   3  3  2      63.4              3.2         3.16         0.00    0.00  8   3.46
  4  2  0  36.99  73.98   1.2466  0.6435   361.97   4  2  0      61.8              3.1         3.12         0.00    0.00  8   3.46
  3  0  5  38.53  77.06   1.2040  0.6898   388.02   3  0  5       7.1              1.1        -1.08         0.00  180.00  8   3.29
  4  1  3  38.57  77.14   1.2029  0.6911   388.73   4  1  3      12.9              1.0         1.03         0.00    0.00 16   3.29
  2  0  6  39.03  78.06   1.1910  0.7050   396.58   2  0  6     161.4              5.2        -5.21         0.00  180.00  8   3.25
  4  2  2  39.11  78.23   1.1888  0.7075   398.00   4  2  2     357.8              5.5        -5.49         0.00  180.00 16   3.24
  4  0  4  41.19  82.38   1.1389  0.7710   433.66   4  0  4     613.3             10.4        10.44         0.00    0.00  8   3.06
  1  0  7  42.67  85.34   1.1066  0.8166   459.35   1  0  7      15.4              1.7         1.68         0.00    0.00  8   2.96
  3  2  5  42.73  85.46   1.1053  0.8185   460.41   3  2  5       0.7              0.3        -0.25         0.00  180.00 16   2.96
  4  3  1  42.79  85.58   1.1040  0.8204   461.47   4  3  1       1.0              0.3        -0.30         0.00  180.00 16   2.95
  5  0  1  42.79  85.58   1.1040  0.8204   461.47   5  0  1       3.1              0.8         0.76         0.00    0.00  8   2.95
  2  2  6  43.22  86.44   1.0952  0.8337   468.98   2  2  6      33.0              2.5         2.48         0.00    0.00  8   2.93
  3  3  4  43.27  86.54   1.0941  0.8353   469.86   3  3  4      22.0              2.0         2.03         0.00    0.00  8   2.92
  5  1  0  43.31  86.63   1.0933  0.8366   470.57   5  1  0      25.1              2.2         2.17         0.00    0.00  8   2.92
  3  1  6  45.30  90.59   1.0552  0.8981   505.18   3  1  6     106.9              3.2         3.22         0.00    0.00 16   2.81
  4  2  4  45.35  90.69   1.0543  0.8997   506.06   4  2  4      79.2              2.8         2.77         0.00    0.00 16   2.81
  5  1  2  45.38  90.75   1.0537  0.9006   506.59   5  1  2      89.4              2.9         2.94         0.00    0.00 16   2.81
  2  1  7  46.82  93.64   1.0285  0.9453   531.75   2  1  7      18.9              1.4         1.37         0.00    0.00 16   2.75
  4  1  5  46.88  93.76   1.0275  0.9472   532.81   4  1  5       2.5              0.5        -0.50         0.00  180.00 16   2.75
  5  0  3  46.92  93.84   1.0268  0.9485   533.52   5  0  3      11.1              1.5         1.48         0.00    0.00  8   2.74
  4  3  3  46.92  93.84   1.0268  0.9485   533.52   4  3  3       2.1              0.5         0.46         0.00    0.00 16   2.74
  5  2  1  46.94  93.88   1.0265  0.9491   533.87   5  2  1       3.0              0.5        -0.55         0.00  180.00 16   2.74
  0  0  8  49.39  98.78   0.9879  1.0246   576.33   0  0  8     108.2              9.4         9.40         0.00    0.00  2   2.67
  4  4  0  49.55  99.11   0.9855  1.0296   579.16   4  4  0     239.7              9.9         9.91         0.00    0.00  4   2.66
